Input scale (32 bit):
 65537
Input zero point:
 0
Weight scale (32 bit):
 953774
Weight zero point:
 29074
Output scale (32 bit):
 1050871
Output zero point:
 35858
M Scales (32 bit):
 59482
 
Weights (16 bit)

avg_t|avg_idx|diff_t|diff_idx 

13702	-16088	11770	10663
12371	-11384	12541	-7315
14035	32613	-1005	2822
-2827	-10964	6388	-12939
10974	12906	16175	-2920
-11286	3098	7655	-14215
-5311	-15579	-1465	-13908
-6068	-4636	-12614	10161
22988	-4814	-4136	-12254
-14971	-16419	7342	-9400
-20762	-1112	-9688	-10854
646	-6031	-9575	-14250
-18153	18412	-9063	5886
-3832	2919	16882	9153
-13615	7898	17254	5778
17982	25225	-2761	6194
-10342	-1990	15191	11203
-8539	-10625	-9041	-13083
-17043	-4560	16572	5483
-11245	-11708	9799	-10877
-4411	18451	-15561	-2255
-1687	-4116	-8534	-14660
-10984	-7258	14742	-6762
-17404	6070	7001	13612
13881	10014	-15865	2247
9540	-1341	-8535	13730
-6510	-9927	-17378	1853
8189	4775	4636	-15592
-14331	1060	15229	9680
-11403	-1895	-14396	-9513
3224	7856	11815	-12381
10945	-13707	6228	14823
1855	18990	-15257	-6642
18520	-6465	-6353	-13636
16643	11476	8049	-12226
-20866	4564	9832	-11587
-16357	34481	5021	2884
-3431	-14461	-15183	-7270
-16695	12999	-7997	-13808
16329	6266	12305	-8474
-7628	8956	-12236	-13334
-790	-6175	-12657	11856
13569	3009	-2959	-15873
-13008	9043	16659	-5133
-5449	8468	-11705	9714
-22034	1973	-10102	7886
-5546	13364	298	14515
14922	-7391	-11174	11701
11419	-11463	-1463	-13913
-27163	7543	10153	8171
-6308	23897	4428	-15553
-384	6084	9022	-14844
7112	-9286	-14900	-9755
13531	11749	12410	8023
18317	-1090	-9718	12368
-16330	-21122	-9404	9104
17174	-10729	-15627	6185
-14749	-15417	13033	-4149
18529	20004	7096	7902
27940	7935	6294	8730
13489	29589	-5184	-10504
-4669	-9200	5021	16913
17337	10222	-14128	-9185
-4081	-2823	1697	-16109


Bias (32 bit):

-1610612
365616580
-1858967300
874942500
-1005456000
340990530
1326362100
225447570
343883000
1204619100
928450900
930266000
-624157760
-684607100
-674635600
-1648438700
-377383070
1253852200
5946902
925709700
-450610460
864117700
469694180
-594246460
-466431330
-366631520
865085900
60883300
-420575400
862316600
-250851540
-110136456
-434059460
590332700
-573741700
303058100
-1605548300
1287425900
240421460
-519657500
360096400
178446100
214014910
-383641630
-414814720
192848260
-1033108160
-42136148
853582900
-393683520
-635271740
30576016
945785400
-1286356700
-437063000
1181605400
358352700
871232300
-1644463900
-1204830200
-1197964200
-114509610
-192341870
692668300


