[142]
[119]
[105]
[92]
[83]
[83]
[89]
[100]
[91]
[79]
[68]
[57]
[49]
[46]
[45]
[44]
[45]
[44]
[46]
[45]
[41]
[48]
[49]
[47]
[46]
[45]
[49]
[55]
[60]
[60]
[63]
[74]
[74]
[78]
[85]
[108]
[123]
[120]
[111]
[98]
[94]
[94]
[93]
[93]
[95]
[93]
[108]
[138]
[167]
[202]
[221]
[200]
[178]
[153]
[130]
[116]
[105]
[100]
[93]
[88]
[83]
[80]
[76]
[73]
[70]
[70]
[70]
[70]
[67]
[64]
[65]
[64]
[63]
[62]
[64]
[62]
[62]
[62]
[62]
[61]
[60]
[59]
[62]
[62]
[64]
[66]
[68]
[70]
[71]
[71]
[72]
[73]
[73]
[73]
[74]
[74]
[74]
[75]
[75]
[76]
