[113, 141, 127, 143, 93, 156, 191, 162, 210, 96, 200, 130, 107, 229, 136, 133, 175, 112, 136, 116, 143, 71, 152, 118, 149, 146, 143, 151, 92, 141, 118, 122, 131, 143, 137, 193, 121, 10, 98, 79, 168, 230, 185, 139, 81, 61, 66, 93, 138, 75, 207, 26, 188, 94, 51, 148, 36, 196, 83, 134, 87, 166, 51, 47, 108, 125, 132, 150, 115, 215, 238, 23]
[90, 157, 57, 120, 32, 182, 230, 206, 242, 72, 235, 130, 101, 234, 149, 142, 227, 149, 167, 107, 139, 34, 166, 93, 171, 156, 186, 153, 55, 143, 113, 192, 138, 174, 139, 223, 91, 1, 47, 57, 196, 239, 231, 166, 37, 16, 118, 45, 165, 36, 241, 10, 225, 49, 30, 166, 7, 237, 44, 160, 47, 225, 35, 9, 93, 124, 122, 199, 90, 241, 250, 6]
[57, 166, 32, 94, 19, 203, 245, 232, 252, 119, 245, 131, 101, 214, 166, 154, 248, 180, 193, 103, 60, 33, 176, 81, 193, 164, 206, 154, 27, 134, 110, 239, 144, 201, 141, 233, 65, 0, 15, 44, 214, 241, 248, 192, 17, 5, 175, 18, 193, 16, 252, 65, 242, 20, 21, 179, 3, 249, 25, 220, 35, 246, 40, 0, 79, 122, 114, 224, 46, 247, 245, 8]
[25, 165, 36, 56, 19, 222, 251, 243, 254, 197, 245, 132, 100, 170, 187, 164, 251, 157, 215, 101, 22, 39, 188, 73, 214, 171, 219, 156, 10, 120, 126, 250, 151, 222, 143, 237, 51, 1, 8, 32, 225, 240, 251, 221, 10, 2, 198, 7, 210, 8, 254, 206, 246, 8, 24, 187, 1, 253, 14, 251, 39, 248, 34, 0, 67, 120, 158, 233, 20, 248, 246, 29]
[18, 167, 19, 93, 58, 231, 253, 247, 254, 227, 248, 133, 68, 90, 203, 176, 254, 69, 226, 100, 3, 23, 197, 76, 228, 174, 226, 157, 4, 114, 109, 254, 158, 232, 144, 239, 34, 0, 6, 24, 232, 246, 253, 233, 5, 1, 216, 4, 223, 5, 254, 240, 251, 3, 21, 192, 0, 254, 10, 254, 30, 253, 18, 0, 59, 119, 66, 239, 5, 248, 244, 36]
[15, 175, 7, 168, 108, 234, 254, 249, 254, 237, 250, 134, 50, 44, 222, 191, 254, 22, 237, 100, 0, 11, 205, 81, 237, 179, 231, 160, 0, 107, 97, 254, 165, 241, 145, 241, 22, 0, 6, 17, 236, 246, 253, 243, 4, 3, 229, 2, 228, 5, 254, 251, 253, 1, 25, 194, 1, 254, 9, 254, 24, 253, 11, 0, 51, 119, 45, 242, 0, 243, 243, 84]
[29, 190, 2, 193, 108, 248, 254, 250, 249, 226, 250, 141, 48, 25, 249, 216, 254, 11, 247, 100, 0, 5, 214, 83, 241, 192, 232, 180, 0, 73, 119, 254, 144, 251, 151, 241, 21, 0, 3, 1, 240, 247, 254, 118, 4, 40, 248, 0, 227, 2, 254, 254, 249, 0, 161, 195, 2, 254, 9, 254, 12, 254, 0, 0, 49, 119, 196, 242, 1, 233, 230, 208]
[216, 203, 1, 184, 107, 248, 254, 251, 246, 227, 240, 141, 97, 24, 254, 239, 252, 14, 252, 100, 0, 4, 230, 83, 204, 223, 233, 198, 10, 25, 127, 254, 113, 254, 164, 241, 20, 0, 3, 0, 214, 245, 253, 41, 4, 159, 222, 0, 227, 3, 254, 254, 146, 0, 215, 197, 5, 254, 8, 254, 7, 254, 1, 0, 48, 116, 238, 243, 34, 231, 93, 232]
[246, 179, 6, 164, 106, 246, 254, 251, 247, 227, 219, 138, 153, 23, 254, 238, 252, 23, 253, 99, 0, 9, 240, 83, 181, 240, 233, 152, 20, 24, 139, 254, 107, 254, 179, 241, 20, 0, 4, 0, 207, 237, 251, 108, 4, 168, 107, 0, 227, 6, 254, 254, 75, 0, 242, 205, 4, 248, 8, 254, 6, 254, 4, 0, 48, 102, 249, 243, 93, 227, 50, 243]
[235, 135, 10, 145, 106, 245, 254, 251, 248, 228, 189, 133, 198, 22, 254, 226, 247, 45, 253, 98, 1, 30, 246, 87, 156, 247, 233, 128, 27, 15, 157, 254, 126, 254, 190, 241, 20, 1, 11, 2, 206, 210, 251, 176, 4, 140, 54, 0, 227, 6, 254, 254, 43, 3, 251, 218, 2, 223, 7, 254, 5, 254, 4, 0, 47, 80, 246, 244, 116, 223, 34, 247]
[171, 93, 40, 118, 106, 249, 254, 245, 249, 228, 154, 135, 219, 21, 254, 214, 225, 59, 253, 96, 1, 154, 250, 91, 128, 250, 233, 117, 9, 13, 184, 254, 147, 254, 195, 241, 19, 8, 27, 6, 217, 174, 252, 193, 4, 81, 32, 0, 229, 3, 254, 254, 24, 15, 251, 230, 0, 171, 4, 254, 5, 254, 4, 0, 46, 53, 249, 244, 129, 221, 44, 242]
[186, 92, 78, 86, 110, 248, 254, 230, 249, 228, 96, 139, 208, 20, 254, 216, 161, 65, 253, 95, 4, 244, 252, 92, 140, 251, 234, 109, 6, 36, 213, 254, 173, 254, 200, 240, 17, 88, 125, 6, 220, 142, 252, 206, 4, 63, 23, 0, 232, 2, 254, 254, 17, 50, 251, 238, 0, 114, 3, 254, 5, 254, 7, 0, 46, 26, 241, 244, 163, 220, 36, 231]
[230, 135, 159, 63, 117, 248, 254, 213, 249, 228, 64, 144, 175, 17, 254, 214, 106, 64, 253, 95, 7, 253, 253, 92, 121, 252, 235, 93, 6, 110, 231, 254, 200, 252, 203, 234, 14, 192, 218, 3, 220, 146, 253, 216, 3, 56, 16, 0, 233, 1, 254, 254, 15, 52, 249, 243, 0, 83, 2, 254, 5, 254, 13, 0, 46, 13, 230, 244, 181, 219, 51, 164]
[251, 176, 212, 50, 123, 241, 253, 192, 249, 228, 37, 151, 139, 15, 254, 207, 65, 64, 253, 94, 9, 254, 253, 90, 75, 253, 236, 65, 6, 210, 242, 254, 219, 252, 205, 223, 12, 231, 244, 1, 220, 148, 254, 224, 2, 55, 11, 0, 234, 1, 254, 254, 14, 40, 251, 246, 0, 69, 2, 254, 5, 250, 40, 0, 46, 6, 212, 244, 192, 219, 45, 127]
[253, 206, 248, 39, 128, 240, 250, 166, 249, 228, 15, 156, 106, 14, 254, 199, 36, 64, 253, 93, 11, 254, 254, 88, 86, 254, 238, 45, 6, 245, 233, 254, 230, 253, 205, 194, 8, 245, 251, 0, 220, 188, 254, 229, 2, 53, 9, 0, 235, 1, 254, 254, 16, 33, 254, 248, 0, 60, 3, 254, 5, 243, 98, 0, 46, 2, 165, 244, 199, 219, 48, 53]
[250, 226, 245, 33, 135, 236, 247, 126, 249, 228, 10, 157, 71, 13, 254, 183, 19, 64, 253, 91, 13, 254, 254, 88, 74, 254, 239, 32, 6, 249, 231, 254, 233, 254, 205, 146, 6, 244, 252, 1, 220, 217, 254, 232, 2, 51, 8, 0, 236, 1, 254, 254, 18, 27, 254, 249, 0, 55, 3, 254, 5, 248, 158, 0, 46, 1, 124, 244, 207, 219, 85, 20]
[247, 238, 225, 28, 152, 206, 242, 92, 248, 227, 7, 156, 49, 13, 254, 151, 12, 64, 253, 86, 15, 254, 254, 92, 53, 254, 240, 26, 6, 246, 204, 254, 233, 254, 205, 87, 3, 236, 253, 7, 220, 234, 254, 234, 2, 49, 7, 0, 234, 1, 254, 253, 26, 62, 253, 249, 0, 53, 3, 254, 5, 251, 205, 0, 45, 0, 99, 244, 221, 219, 92, 11]
[234, 245, 211, 24, 169, 197, 236, 69, 245, 225, 9, 154, 33, 13, 254, 122, 10, 64, 253, 81, 17, 253, 254, 98, 44, 254, 241, 21, 6, 243, 176, 254, 233, 254, 205, 62, 1, 224, 253, 17, 220, 228, 254, 236, 2, 47, 7, 0, 228, 1, 254, 252, 36, 91, 252, 249, 0, 51, 4, 254, 5, 253, 230, 0, 43, 0, 81, 244, 230, 219, 86, 7]
[221, 248, 176, 32, 182, 129, 229, 52, 235, 220, 9, 152, 13, 13, 254, 100, 9, 64, 254, 77, 24, 252, 254, 103, 48, 254, 243, 17, 6, 228, 130, 254, 235, 252, 205, 94, 0, 212, 252, 56, 220, 204, 254, 238, 4, 42, 7, 0, 209, 6, 254, 251, 81, 133, 240, 249, 0, 50, 6, 254, 5, 251, 244, 0, 36, 0, 68, 244, 194, 217, 80, 7]
[152, 249, 89, 64, 190, 90, 221, 44, 206, 200, 12, 138, 5, 13, 251, 86, 12, 63, 254, 74, 31, 248, 254, 109, 41, 254, 244, 14, 6, 168, 127, 253, 236, 252, 205, 177, 0, 183, 242, 117, 217, 153, 252, 241, 12, 41, 7, 0, 165, 17, 254, 251, 159, 141, 198, 249, 0, 49, 7, 254, 5, 253, 248, 0, 26, 0, 56, 244, 88, 215, 86, 7]
[97, 250, 50, 80, 197, 62, 206, 36, 169, 172, 11, 127, 1, 13, 244, 74, 25, 68, 254, 68, 32, 234, 254, 117, 22, 254, 244, 12, 6, 168, 159, 252, 236, 253, 205, 204, 0, 166, 216, 152, 211, 64, 251, 242, 25, 47, 7, 0, 128, 24, 254, 247, 203, 172, 174, 249, 0, 49, 9, 254, 6, 252, 251, 0, 18, 0, 40, 244, 37, 213, 118, 7]
[74, 250, 41, 104, 200, 44, 182, 50, 116, 131, 14, 152, 0, 12, 216, 69, 44, 73, 254, 60, 65, 212, 254, 124, 19, 254, 244, 11, 6, 150, 177, 246, 236, 252, 206, 215, 0, 160, 148, 181, 202, 21, 235, 226, 49, 120, 7, 1, 98, 26, 254, 243, 221, 137, 162, 249, 0, 50, 11, 254, 7, 246, 249, 0, 13, 0, 32, 243, 18, 210, 145, 8]
[60, 250, 34, 125, 202, 49, 151, 35, 76, 89, 27, 183, 0, 11, 173, 54, 73, 87, 254, 48, 53, 171, 254, 142, 15, 254, 243, 11, 9, 117, 190, 239, 236, 250, 207, 226, 0, 157, 83, 202, 175, 8, 223, 207, 71, 164, 7, 2, 78, 29, 254, 240, 231, 128, 174, 249, 0, 50, 13, 254, 10, 248, 245, 0, 20, 0, 20, 243, 8, 208, 178, 10]
[61, 251, 30, 141, 203, 69, 120, 23, 54, 64, 27, 217, 0, 11, 141, 35, 87, 101, 253, 27, 50, 125, 254, 163, 21, 254, 239, 10, 13, 89, 214, 233, 236, 249, 209, 227, 0, 156, 39, 217, 134, 5, 215, 200, 84, 188, 7, 3, 58, 30, 254, 235, 231, 154, 205, 249, 0, 50, 17, 254, 12, 247, 233, 0, 52, 0, 13, 243, 5, 207, 191, 14]
[68, 252, 28, 155, 204, 86, 97, 19, 36, 47, 27, 237, 1, 11, 118, 24, 81, 117, 252, 11, 39, 108, 254, 184, 29, 254, 234, 10, 17, 76, 225, 228, 236, 246, 212, 229, 0, 156, 28, 224, 96, 3, 207, 199, 97, 212, 7, 4, 41, 30, 254, 216, 226, 199, 214, 249, 0, 50, 23, 254, 13, 246, 218, 0, 95, 1, 10, 242, 3, 205, 201, 19]
[74, 253, 26, 172, 204, 101, 79, 16, 22, 35, 27, 248, 1, 11, 100, 17, 72, 130, 251, 3, 42, 97, 254, 199, 38, 254, 224, 10, 24, 64, 234, 204, 236, 244, 215, 233, 0, 156, 19, 229, 56, 2, 210, 201, 108, 231, 7, 5, 29, 30, 254, 194, 222, 214, 223, 249, 0, 50, 31, 254, 13, 249, 175, 0, 138, 2, 7, 242, 2, 204, 202, 23]
[91, 253, 24, 185, 204, 99, 57, 17, 14, 27, 33, 253, 1, 11, 80, 12, 63, 143, 249, 2, 45, 88, 254, 217, 47, 253, 208, 12, 48, 46, 234, 158, 236, 233, 219, 236, 0, 156, 15, 233, 27, 2, 196, 187, 114, 246, 6, 14, 22, 30, 254, 188, 222, 188, 224, 248, 0, 50, 36, 254, 12, 251, 113, 0, 184, 3, 6, 240, 1, 203, 212, 26]
[100, 253, 22, 195, 204, 97, 44, 20, 8, 19, 49, 254, 1, 11, 65, 8, 66, 158, 242, 3, 40, 76, 254, 231, 48, 252, 195, 14, 76, 41, 230, 128, 236, 225, 223, 239, 0, 156, 11, 237, 12, 2, 198, 168, 117, 251, 5, 23, 18, 30, 254, 165, 222, 157, 211, 246, 0, 50, 40, 254, 12, 250, 66, 0, 215, 5, 4, 238, 1, 202, 225, 29]
[102, 253, 20, 204, 204, 97, 39, 28, 5, 13, 70, 254, 2, 11, 54, 6, 76, 173, 232, 3, 33, 68, 252, 239, 48, 251, 182, 17, 99, 43, 230, 93, 236, 219, 227, 242, 0, 156, 10, 239, 9, 1, 207, 157, 120, 252, 4, 33, 15, 30, 254, 129, 223, 155, 203, 244, 0, 50, 44, 254, 11, 248, 39, 0, 230, 8, 4, 236, 1, 201, 233, 34]
[107, 253, 18, 211, 204, 101, 33, 31, 3, 9, 73, 254, 4, 11, 46, 6, 68, 185, 228, 5, 36, 60, 249, 243, 60, 251, 173, 19, 116, 42, 232, 92, 236, 231, 230, 245, 0, 156, 9, 241, 10, 0, 219, 151, 123, 251, 3, 42, 12, 30, 254, 100, 222, 162, 213, 242, 0, 50, 48, 254, 12, 248, 25, 0, 239, 15, 5, 231, 1, 200, 238, 39]
[119, 253, 16, 218, 203, 107, 28, 32, 2, 10, 83, 254, 5, 11, 41, 7, 68, 198, 214, 5, 31, 59, 245, 244, 52, 251, 160, 21, 127, 41, 231, 119, 236, 225, 232, 245, 0, 156, 9, 242, 13, 0, 227, 156, 128, 249, 3, 48, 9, 30, 254, 69, 219, 179, 194, 241, 0, 50, 53, 254, 13, 248, 19, 1, 243, 28, 4, 228, 1, 199, 238, 46]
[125, 253, 13, 224, 202, 105, 24, 47, 2, 10, 110, 254, 7, 11, 36, 8, 71, 209, 182, 3, 30, 55, 242, 244, 45, 250, 147, 24, 138, 45, 218, 120, 236, 202, 235, 246, 0, 156, 12, 243, 15, 0, 226, 143, 132, 252, 3, 58, 7, 30, 254, 49, 218, 180, 172, 235, 0, 50, 56, 254, 14, 240, 15, 1, 245, 38, 3, 221, 1, 198, 239, 53]
[129, 253, 11, 223, 201, 110, 22, 42, 3, 12, 101, 253, 15, 11, 33, 9, 73, 219, 180, 5, 29, 53, 236, 236, 36, 250, 132, 28, 147, 50, 215, 114, 236, 208, 237, 246, 2, 156, 13, 243, 23, 0, 228, 144, 139, 252, 3, 67, 5, 30, 254, 34, 215, 190, 194, 234, 1, 50, 63, 254, 22, 243, 15, 5, 247, 55, 12, 187, 1, 198, 240, 66]
[181, 254, 9, 219, 199, 108, 15, 38, 2, 12, 85, 252, 37, 11, 30, 10, 49, 222, 137, 9, 37, 50, 229, 232, 16, 251, 111, 37, 153, 58, 226, 134, 236, 206, 240, 244, 1, 155, 22, 243, 19, 0, 231, 127, 142, 252, 3, 98, 4, 30, 254, 29, 212, 181, 223, 231, 2, 50, 69, 254, 26, 241, 15, 6, 247, 76, 13, 141, 1, 197, 242, 75]
[199, 254, 9, 212, 196, 122, 12, 44, 2, 11, 95, 250, 89, 11, 28, 14, 51, 223, 92, 15, 52, 40, 222, 227, 16, 252, 90, 46, 155, 73, 235, 106, 236, 206, 242, 242, 1, 154, 23, 243, 22, 0, 226, 124, 145, 252, 2, 122, 4, 30, 254, 16, 210, 168, 234, 229, 2, 50, 75, 254, 31, 230, 16, 7, 243, 103, 13, 110, 1, 197, 244, 84]
[214, 253, 9, 207, 194, 109, 9, 94, 1, 10, 122, 248, 116, 11, 26, 24, 54, 224, 54, 14, 76, 40, 208, 212, 11, 252, 67, 69, 157, 79, 237, 81, 235, 181, 245, 239, 1, 151, 36, 239, 28, 0, 203, 91, 148, 254, 2, 171, 3, 30, 254, 11, 208, 107, 239, 201, 7, 50, 81, 254, 34, 203, 18, 12, 241, 120, 34, 87, 1, 196, 244, 96]
[204, 251, 32, 161, 183, 147, 8, 144, 1, 12, 106, 238, 132, 10, 26, 29, 69, 225, 31, 19, 79, 85, 141, 193, 14, 253, 27, 98, 157, 108, 229, 80, 233, 149, 247, 235, 4, 145, 50, 234, 42, 0, 222, 81, 161, 253, 14, 200, 4, 30, 253, 11, 197, 164, 247, 211, 34, 51, 94, 254, 59, 166, 17, 47, 239, 140, 133, 59, 1, 194, 244, 128]
[180, 243, 80, 105, 167, 208, 8, 163, 1, 13, 96, 221, 148, 9, 26, 36, 87, 226, 30, 34, 83, 71, 59, 187, 68, 252, 14, 93, 157, 128, 212, 53, 233, 154, 246, 235, 3, 140, 37, 234, 73, 0, 243, 84, 177, 249, 26, 207, 18, 30, 249, 10, 177, 209, 248, 226, 47, 54, 115, 254, 83, 156, 17, 44, 237, 174, 177, 49, 1, 192, 244, 161]
[177, 216, 153, 54, 150, 245, 7, 174, 0, 18, 84, 201, 163, 9, 26, 43, 102, 227, 33, 58, 86, 37, 11, 183, 165, 251, 10, 86, 157, 140, 218, 48, 229, 195, 240, 236, 1, 137, 24, 234, 130, 0, 252, 89, 193, 234, 36, 210, 46, 30, 245, 10, 159, 217, 250, 238, 62, 62, 134, 254, 100, 212, 16, 37, 234, 201, 222, 39, 1, 191, 245, 192]
[175, 136, 238, 22, 111, 254, 7, 198, 2, 25, 93, 190, 173, 6, 26, 46, 152, 227, 35, 168, 86, 48, 9, 128, 236, 251, 21, 86, 157, 192, 232, 139, 217, 239, 238, 237, 1, 132, 9, 229, 155, 0, 254, 91, 160, 214, 19, 210, 80, 30, 253, 10, 151, 168, 254, 248, 72, 78, 105, 254, 115, 206, 15, 3, 232, 229, 249, 35, 1, 191, 247, 235]
[164, 41, 253, 8, 78, 254, 7, 218, 5, 38, 100, 176, 186, 4, 27, 50, 190, 227, 38, 221, 86, 57, 52, 99, 245, 251, 46, 86, 157, 229, 240, 212, 213, 241, 236, 237, 1, 149, 11, 223, 174, 0, 254, 92, 121, 195, 8, 207, 106, 30, 254, 10, 143, 97, 254, 249, 40, 108, 55, 254, 119, 206, 14, 0, 230, 239, 253, 35, 1, 192, 243, 250]
[162, 9, 254, 3, 61, 254, 7, 234, 11, 46, 109, 161, 196, 1, 31, 53, 213, 227, 41, 236, 86, 86, 80, 82, 248, 249, 70, 97, 157, 242, 245, 238, 217, 233, 232, 237, 1, 176, 11, 214, 185, 0, 254, 95, 88, 181, 3, 204, 119, 30, 254, 10, 136, 41, 254, 249, 25, 103, 29, 254, 122, 175, 13, 0, 230, 239, 254, 36, 1, 192, 223, 254]
[162, 4, 254, 1, 52, 254, 7, 242, 16, 54, 110, 149, 202, 0, 39, 55, 225, 227, 44, 243, 86, 141, 91, 73, 249, 246, 92, 105, 157, 242, 249, 247, 228, 218, 227, 236, 1, 202, 13, 199, 191, 0, 254, 98, 60, 163, 3, 202, 129, 30, 254, 10, 128, 20, 254, 249, 19, 101, 17, 254, 125, 178, 11, 0, 230, 239, 254, 36, 1, 192, 188, 254]
[162, 4, 254, 0, 45, 254, 7, 246, 26, 65, 107, 139, 209, 0, 48, 57, 226, 227, 49, 246, 86, 162, 140, 69, 248, 239, 111, 102, 157, 239, 248, 249, 235, 207, 221, 234, 1, 221, 36, 183, 198, 0, 254, 101, 39, 149, 5, 199, 140, 30, 254, 10, 118, 29, 253, 248, 18, 92, 11, 254, 127, 171, 10, 0, 230, 241, 254, 37, 1, 192, 129, 254]
[149, 4, 254, 0, 39, 254, 7, 248, 36, 78, 105, 134, 214, 0, 61, 59, 226, 227, 52, 248, 86, 196, 196, 67, 248, 232, 126, 94, 157, 235, 241, 248, 243, 192, 214, 230, 1, 235, 80, 170, 202, 1, 254, 104, 26, 140, 6, 198, 151, 30, 254, 10, 108, 33, 252, 243, 23, 65, 8, 254, 127, 140, 9, 0, 230, 241, 254, 38, 1, 192, 69, 254]
[136, 6, 254, 1, 33, 254, 7, 249, 44, 87, 103, 131, 221, 0, 75, 61, 220, 227, 56, 249, 86, 202, 223, 66, 246, 235, 137, 96, 157, 231, 234, 250, 247, 186, 203, 224, 1, 242, 99, 159, 207, 1, 254, 106, 17, 133, 5, 198, 163, 30, 254, 10, 96, 35, 251, 243, 17, 35, 5, 254, 127, 141, 8, 0, 230, 239, 254, 39, 1, 192, 35, 254]
[132, 6, 254, 5, 30, 254, 7, 250, 46, 106, 102, 130, 225, 0, 98, 62, 217, 227, 54, 250, 86, 220, 224, 66, 244, 210, 129, 89, 157, 209, 202, 246, 249, 115, 190, 218, 0, 247, 162, 148, 211, 3, 251, 110, 12, 141, 11, 203, 174, 30, 254, 10, 85, 43, 247, 218, 32, 30, 5, 254, 127, 127, 7, 2, 230, 239, 254, 39, 1, 191, 17, 253]
[142, 5, 254, 29, 28, 251, 6, 250, 53, 124, 107, 125, 227, 0, 122, 64, 210, 227, 48, 250, 86, 205, 183, 66, 235, 168, 105, 88, 157, 170, 117, 237, 245, 29, 129, 211, 1, 250, 213, 134, 216, 4, 232, 113, 10, 156, 38, 211, 189, 30, 252, 10, 68, 78, 210, 156, 86, 43, 4, 254, 127, 129, 5, 16, 228, 232, 254, 39, 1, 190, 13, 254]
[151, 4, 254, 106, 23, 250, 6, 250, 78, 143, 133, 118, 229, 1, 140, 65, 205, 227, 41, 250, 86, 153, 169, 66, 243, 121, 65, 90, 157, 127, 33, 218, 248, 16, 68, 200, 4, 252, 227, 123, 221, 6, 215, 112, 6, 175, 71, 222, 207, 30, 245, 10, 56, 87, 187, 121, 173, 119, 4, 254, 127, 126, 4, 18, 226, 238, 254, 39, 1, 185, 12, 251]
[158, 1, 254, 193, 16, 243, 8, 250, 143, 164, 184, 104, 231, 4, 151, 71, 206, 227, 35, 250, 87, 109, 163, 66, 238, 87, 40, 151, 157, 82, 13, 201, 226, 14, 21, 187, 21, 254, 221, 111, 226, 13, 118, 93, 4, 158, 145, 233, 221, 30, 234, 10, 57, 102, 170, 50, 221, 120, 6, 254, 126, 123, 11, 72, 222, 235, 254, 38, 1, 177, 16, 250]
[155, 1, 251, 248, 9, 246, 39, 250, 246, 214, 227, 104, 229, 216, 168, 86, 211, 149, 34, 250, 91, 55, 228, 66, 240, 93, 55, 155, 146, 67, 4, 210, 226, 15, 16, 181, 81, 97, 158, 101, 244, 177, 152, 98, 3, 53, 183, 230, 242, 14, 193, 12, 224, 114, 140, 32, 175, 240, 5, 251, 124, 128, 3, 240, 213, 231, 216, 67, 4, 223, 57, 246]
[146, 1, 252, 249, 3, 250, 107, 250, 253, 236, 247, 103, 235, 238, 193, 110, 228, 101, 36, 250, 109, 14, 246, 67, 242, 99, 77, 151, 106, 59, 9, 227, 218, 33, 19, 204, 79, 14, 53, 80, 251, 225, 215, 115, 1, 7, 229, 199, 251, 6, 243, 21, 247, 96, 116, 73, 88, 252, 2, 238, 112, 135, 1, 236, 196, 228, 223, 105, 45, 244, 171, 195]
[133, 1, 249, 235, 3, 253, 170, 250, 254, 245, 251, 103, 240, 232, 214, 139, 244, 95, 43, 250, 92, 4, 252, 67, 243, 105, 105, 150, 68, 48, 22, 243, 209, 52, 23, 221, 66, 6, 11, 63, 253, 241, 246, 133, 0, 0, 247, 159, 254, 3, 252, 41, 250, 71, 94, 133, 25, 254, 0, 241, 97, 150, 0, 192, 184, 224, 240, 138, 92, 249, 221, 163]
[113, 1, 211, 230, 12, 252, 218, 250, 254, 245, 252, 103, 237, 211, 233, 182, 251, 104, 53, 249, 27, 6, 253, 68, 244, 112, 126, 150, 32, 35, 28, 250, 206, 85, 25, 229, 55, 3, 5, 52, 253, 240, 252, 162, 0, 0, 251, 121, 254, 11, 252, 84, 248, 58, 84, 166, 12, 253, 0, 247, 86, 185, 2, 93, 161, 203, 202, 190, 92, 238, 197, 142]
[90, 1, 192, 224, 35, 249, 240, 250, 254, 250, 250, 103, 226, 145, 246, 197, 253, 94, 66, 249, 12, 18, 254, 68, 245, 118, 147, 149, 15, 25, 32, 252, 206, 113, 31, 235, 42, 2, 6, 41, 253, 239, 252, 184, 0, 0, 252, 90, 254, 12, 253, 166, 249, 46, 73, 189, 6, 253, 0, 253, 77, 217, 2, 12, 142, 178, 168, 207, 37, 232, 206, 108]
[65, 2, 137, 207, 60, 246, 248, 249, 254, 251, 250, 103, 199, 82, 251, 205, 253, 48, 84, 249, 5, 28, 254, 69, 247, 123, 163, 149, 5, 23, 51, 254, 206, 140, 38, 238, 35, 2, 10, 31, 254, 239, 252, 208, 0, 0, 251, 65, 254, 10, 254, 229, 247, 26, 59, 201, 4, 253, 0, 254, 72, 240, 4, 1, 124, 153, 151, 217, 15, 231, 227, 133]
[51, 5, 69, 206, 115, 237, 252, 249, 254, 252, 250, 103, 150, 31, 253, 214, 254, 26, 110, 249, 1, 30, 254, 69, 249, 130, 178, 149, 2, 21, 50, 254, 208, 165, 48, 239, 26, 1, 18, 26, 254, 235, 250, 228, 0, 1, 252, 43, 254, 18, 254, 245, 247, 16, 50, 208, 3, 253, 0, 254, 67, 250, 5, 0, 106, 135, 81, 225, 5, 203, 210, 153]
[42, 13, 59, 210, 172, 229, 253, 249, 254, 253, 250, 103, 98, 12, 253, 220, 254, 12, 134, 249, 1, 30, 254, 70, 250, 137, 191, 150, 1, 26, 47, 254, 208, 185, 58, 241, 18, 1, 27, 25, 254, 239, 249, 238, 0, 2, 252, 27, 254, 13, 254, 249, 249, 9, 40, 212, 2, 254, 0, 254, 63, 254, 5, 0, 88, 124, 59, 230, 1, 168, 214, 136]
[31, 29, 72, 148, 206, 234, 253, 247, 254, 254, 249, 104, 70, 8, 254, 207, 253, 6, 160, 249, 2, 34, 254, 71, 252, 147, 201, 151, 0, 49, 92, 254, 187, 199, 69, 242, 16, 1, 27, 21, 254, 245, 249, 248, 0, 1, 249, 14, 254, 7, 254, 253, 244, 6, 40, 215, 1, 253, 0, 254, 60, 254, 5, 0, 75, 114, 152, 233, 1, 176, 246, 120]
[23, 43, 60, 110, 221, 236, 254, 247, 254, 254, 249, 105, 50, 6, 254, 200, 252, 4, 181, 249, 1, 35, 254, 73, 253, 156, 211, 152, 0, 76, 122, 254, 169, 212, 75, 243, 14, 2, 37, 20, 254, 247, 250, 252, 0, 2, 249, 8, 254, 6, 254, 254, 244, 4, 44, 218, 1, 254, 0, 254, 59, 254, 6, 0, 64, 108, 171, 235, 2, 181, 246, 134]
[19, 51, 38, 139, 232, 223, 254, 247, 254, 254, 249, 106, 34, 4, 254, 204, 253, 4, 197, 249, 0, 36, 254, 76, 254, 164, 222, 152, 0, 86, 99, 254, 181, 223, 78, 244, 10, 3, 53, 27, 254, 248, 247, 253, 0, 4, 250, 5, 254, 12, 254, 254, 250, 4, 42, 219, 2, 254, 0, 254, 56, 254, 13, 0, 50, 104, 67, 238, 1, 181, 230, 134]
[16, 65, 52, 128, 240, 223, 254, 247, 254, 254, 249, 107, 26, 3, 254, 205, 252, 4, 213, 249, 1, 34, 254, 79, 254, 172, 231, 152, 0, 105, 122, 254, 185, 230, 81, 245, 8, 2, 33, 20, 254, 248, 248, 254, 0, 4, 250, 2, 254, 7, 254, 254, 252, 3, 46, 220, 1, 254, 0, 254, 51, 254, 9, 0, 42, 102, 132, 239, 1, 183, 241, 94]
[12, 81, 46, 97, 242, 228, 254, 246, 254, 254, 249, 110, 18, 3, 254, 200, 251, 3, 225, 249, 1, 34, 254, 83, 254, 180, 236, 154, 0, 126, 144, 254, 163, 236, 84, 245, 8, 2, 39, 21, 254, 249, 249, 254, 0, 3, 249, 1, 254, 6, 254, 254, 249, 1, 68, 221, 0, 254, 0, 254, 50, 254, 14, 0, 35, 99, 152, 240, 2, 186, 247, 118]
[9, 95, 41, 78, 243, 232, 254, 246, 254, 254, 249, 112, 14, 3, 254, 196, 251, 2, 234, 249, 0, 31, 254, 87, 254, 187, 240, 155, 0, 145, 156, 254, 157, 241, 87, 245, 7, 2, 40, 21, 254, 249, 249, 254, 0, 4, 248, 0, 254, 5, 254, 254, 249, 1, 80, 222, 0, 254, 0, 254, 50, 254, 16, 0, 29, 96, 161, 241, 3, 189, 247, 134]
[7, 109, 40, 70, 245, 236, 254, 246, 254, 254, 249, 114, 11, 3, 254, 193, 251, 2, 240, 249, 0, 31, 254, 90, 254, 193, 243, 156, 0, 162, 165, 254, 156, 244, 90, 245, 7, 2, 40, 21, 254, 250, 250, 254, 0, 6, 248, 0, 254, 6, 254, 254, 248, 1, 89, 223, 0, 254, 0, 254, 50, 254, 16, 0, 24, 94, 162, 242, 3, 191, 247, 147]
[7, 117, 24, 140, 247, 223, 254, 246, 254, 254, 249, 115, 8, 3, 253, 199, 252, 2, 244, 249, 0, 28, 254, 94, 254, 198, 245, 156, 0, 162, 108, 254, 189, 247, 91, 245, 5, 2, 50, 29, 254, 250, 248, 254, 0, 7, 249, 0, 254, 14, 254, 254, 251, 2, 85, 224, 1, 254, 0, 254, 47, 254, 22, 0, 19, 92, 42, 243, 2, 189, 218, 154]
[6, 128, 22, 170, 249, 216, 254, 247, 254, 254, 249, 117, 6, 3, 253, 203, 252, 2, 248, 249, 0, 26, 254, 98, 254, 202, 247, 156, 0, 162, 75, 254, 197, 249, 94, 244, 4, 1, 37, 33, 254, 250, 248, 254, 0, 6, 249, 0, 254, 13, 254, 254, 252, 1, 82, 224, 1, 254, 0, 254, 43, 254, 27, 0, 15, 91, 31, 245, 1, 182, 224, 116]
[5, 140, 26, 189, 250, 212, 254, 247, 254, 254, 249, 119, 5, 2, 253, 208, 252, 2, 250, 249, 0, 23, 254, 102, 254, 207, 249, 156, 0, 155, 74, 254, 194, 251, 97, 244, 4, 1, 27, 31, 253, 250, 248, 254, 0, 7, 250, 0, 254, 13, 254, 254, 252, 1, 94, 225, 1, 254, 0, 254, 39, 254, 20, 0, 12, 90, 42, 246, 0, 170, 227, 119]
[4, 152, 50, 114, 249, 229, 254, 247, 254, 254, 248, 122, 5, 1, 253, 201, 251, 1, 251, 249, 0, 26, 254, 105, 254, 213, 250, 158, 0, 163, 127, 254, 172, 252, 100, 244, 4, 2, 19, 24, 253, 249, 249, 254, 0, 6, 249, 0, 254, 7, 254, 254, 249, 1, 120, 226, 0, 254, 0, 254, 41, 254, 16, 0, 10, 88, 138, 246, 1, 173, 247, 134]
[3, 160, 45, 81, 248, 236, 254, 246, 254, 254, 248, 125, 5, 1, 253, 197, 250, 2, 252, 249, 0, 27, 254, 108, 254, 218, 251, 159, 0, 173, 154, 254, 159, 253, 102, 244, 3, 3, 25, 22, 253, 250, 250, 254, 0, 5, 249, 0, 254, 6, 254, 254, 247, 1, 136, 227, 0, 254, 0, 254, 42, 254, 16, 0, 8, 86, 160, 246, 2, 175, 247, 166]
[3, 164, 31, 164, 250, 220, 254, 246, 254, 254, 248, 127, 4, 1, 253, 206, 252, 4, 252, 249, 0, 27, 254, 111, 254, 221, 251, 159, 0, 165, 99, 254, 195, 254, 103, 244, 1, 3, 40, 35, 253, 251, 248, 254, 0, 10, 250, 0, 254, 17, 254, 254, 251, 2, 131, 227, 1, 254, 0, 254, 39, 254, 16, 0, 6, 84, 32, 247, 1, 171, 214, 184]
[3, 172, 46, 105, 250, 233, 254, 245, 254, 254, 248, 130, 4, 1, 253, 201, 250, 3, 253, 249, 0, 27, 254, 113, 254, 225, 251, 160, 0, 177, 142, 254, 171, 254, 107, 244, 2, 2, 26, 24, 253, 251, 249, 254, 0, 7, 249, 0, 254, 8, 254, 254, 249, 1, 146, 227, 0, 254, 0, 254, 40, 254, 16, 0, 5, 82, 138, 248, 1, 173, 246, 169]
[3, 178, 40, 100, 250, 241, 254, 245, 254, 254, 249, 133, 4, 1, 254, 206, 251, 2, 254, 249, 0, 23, 254, 117, 254, 228, 251, 161, 0, 171, 152, 254, 178, 254, 109, 244, 1, 3, 20, 17, 253, 252, 249, 254, 0, 8, 250, 0, 254, 8, 254, 254, 250, 0, 157, 227, 1, 254, 0, 254, 37, 254, 9, 0, 4, 81, 154, 248, 1, 174, 238, 207]
[2, 180, 29, 148, 251, 236, 254, 245, 254, 254, 249, 135, 3, 1, 254, 208, 251, 2, 254, 249, 0, 22, 254, 120, 254, 230, 251, 161, 0, 168, 104, 254, 191, 254, 111, 245, 1, 2, 30, 27, 253, 252, 249, 254, 0, 9, 251, 0, 254, 14, 254, 254, 250, 1, 152, 228, 1, 254, 0, 254, 35, 254, 15, 0, 3, 79, 39, 249, 1, 173, 227, 203]
[2, 186, 30, 154, 251, 237, 254, 246, 254, 254, 249, 137, 3, 1, 254, 214, 251, 2, 254, 249, 0, 22, 254, 123, 254, 233, 251, 162, 0, 160, 117, 254, 179, 254, 116, 246, 1, 1, 20, 19, 253, 251, 248, 254, 0, 12, 251, 0, 254, 12, 254, 254, 249, 0, 166, 228, 1, 254, 0, 254, 33, 254, 6, 0, 3, 78, 114, 249, 0, 170, 232, 206]
[2, 190, 45, 88, 250, 243, 254, 246, 254, 254, 249, 141, 3, 1, 254, 207, 250, 1, 254, 249, 0, 26, 254, 125, 254, 236, 251, 163, 0, 172, 150, 254, 160, 254, 119, 246, 1, 3, 20, 21, 253, 252, 249, 254, 0, 7, 249, 0, 254, 7, 254, 254, 245, 0, 173, 229, 0, 254, 0, 254, 35, 254, 9, 0, 3, 76, 159, 249, 1, 172, 247, 206]
[2, 188, 30, 181, 251, 225, 254, 246, 254, 254, 249, 143, 2, 0, 253, 214, 252, 6, 254, 249, 0, 30, 254, 127, 254, 237, 251, 163, 0, 165, 85, 254, 207, 254, 121, 246, 0, 4, 33, 35, 253, 252, 247, 254, 0, 14, 249, 0, 254, 19, 254, 254, 250, 2, 168, 230, 1, 254, 0, 254, 33, 254, 14, 0, 2, 74, 20, 249, 1, 168, 202, 206]
[2, 193, 42, 148, 251, 239, 254, 247, 254, 254, 249, 146, 2, 0, 254, 217, 251, 3, 254, 249, 0, 25, 254, 129, 254, 239, 251, 164, 0, 163, 118, 254, 192, 254, 125, 247, 0, 3, 16, 20, 253, 251, 248, 254, 0, 9, 250, 0, 254, 9, 254, 254, 251, 0, 172, 230, 0, 254, 0, 254, 31, 254, 6, 0, 2, 73, 119, 249, 0, 166, 240, 193]
[3, 195, 44, 130, 251, 240, 254, 247, 254, 254, 249, 148, 2, 0, 254, 220, 250, 3, 254, 249, 0, 25, 254, 132, 254, 241, 251, 164, 0, 154, 127, 254, 187, 254, 128, 247, 0, 3, 16, 21, 253, 252, 247, 254, 0, 10, 250, 0, 254, 11, 254, 254, 249, 0, 182, 230, 1, 254, 0, 254, 29, 254, 7, 0, 2, 71, 126, 249, 0, 164, 227, 222]
[3, 196, 37, 146, 252, 232, 254, 247, 254, 254, 249, 150, 1, 0, 253, 219, 249, 3, 254, 249, 0, 27, 254, 134, 254, 242, 251, 163, 0, 155, 98, 254, 198, 254, 130, 247, 1, 4, 35, 36, 253, 252, 246, 254, 0, 10, 251, 0, 254, 18, 254, 254, 251, 1, 179, 230, 1, 254, 0, 254, 28, 254, 12, 0, 2, 70, 45, 250, 0, 163, 221, 211]
[3, 200, 47, 86, 251, 239, 254, 247, 254, 254, 249, 153, 1, 0, 253, 211, 248, 2, 254, 249, 0, 25, 254, 136, 254, 244, 251, 164, 0, 171, 141, 254, 170, 254, 133, 246, 1, 3, 24, 26, 253, 252, 247, 254, 0, 9, 249, 0, 254, 8, 254, 254, 248, 0, 185, 230, 0, 254, 0, 254, 31, 254, 13, 0, 2, 68, 147, 250, 1, 165, 246, 193]
[2, 202, 43, 58, 249, 243, 254, 246, 254, 254, 249, 156, 1, 0, 253, 205, 248, 2, 254, 249, 0, 26, 254, 138, 254, 245, 251, 165, 0, 185, 162, 254, 158, 254, 135, 245, 1, 3, 26, 23, 253, 252, 248, 254, 0, 8, 249, 0, 254, 6, 254, 254, 246, 0, 189, 230, 0, 254, 0, 254, 33, 254, 14, 0, 2, 67, 161, 250, 1, 166, 247, 205]
[11, 193, 36, 116, 249, 233, 254, 222, 254, 254, 236, 160, 4, 0, 245, 155, 210, 16, 254, 247, 4, 67, 254, 144, 251, 247, 252, 163, 5, 156, 158, 250, 112, 254, 141, 242, 3, 19, 47, 103, 246, 251, 238, 254, 0, 29, 248, 0, 253, 91, 254, 254, 223, 1, 200, 229, 6, 248, 0, 254, 38, 254, 38, 0, 5, 59, 119, 251, 4, 166, 205, 225]
[16, 187, 34, 131, 249, 218, 254, 207, 254, 254, 223, 165, 5, 0, 234, 138, 185, 18, 254, 243, 4, 80, 254, 150, 247, 249, 252, 159, 9, 163, 164, 248, 107, 253, 148, 238, 6, 32, 63, 125, 235, 248, 233, 252, 0, 43, 245, 1, 252, 107, 254, 254, 230, 3, 212, 227, 6, 245, 0, 253, 46, 252, 66, 0, 7, 54, 96, 251, 3, 166, 202, 221]
[19, 188, 31, 133, 249, 202, 254, 196, 254, 254, 210, 169, 4, 0, 225, 132, 171, 18, 254, 239, 5, 84, 254, 156, 241, 250, 252, 155, 10, 177, 173, 246, 106, 252, 154, 234, 9, 41, 66, 136, 223, 245, 229, 251, 1, 56, 242, 2, 250, 111, 254, 254, 236, 3, 221, 225, 5, 244, 0, 253, 55, 251, 96, 0, 8, 50, 83, 251, 3, 166, 202, 210]
[21, 191, 28, 134, 249, 192, 254, 188, 254, 254, 201, 172, 4, 0, 214, 129, 168, 18, 254, 233, 6, 81, 254, 162, 234, 251, 252, 150, 13, 189, 177, 242, 106, 253, 159, 230, 11, 47, 68, 139, 212, 244, 224, 248, 3, 68, 239, 3, 247, 112, 254, 254, 242, 3, 229, 223, 4, 244, 1, 253, 64, 250, 124, 0, 9, 48, 81, 251, 3, 166, 202, 196]
[22, 195, 25, 134, 249, 180, 254, 183, 254, 254, 194, 175, 4, 0, 206, 124, 168, 18, 254, 227, 7, 80, 254, 167, 229, 252, 252, 144, 14, 197, 178, 238, 106, 253, 163, 226, 12, 50, 60, 146, 203, 242, 220, 246, 5, 76, 236, 4, 243, 113, 254, 254, 245, 4, 234, 221, 3, 244, 1, 253, 72, 249, 146, 0, 10, 46, 80, 251, 4, 166, 202, 184]
[22, 200, 23, 134, 249, 176, 254, 179, 254, 254, 189, 175, 5, 0, 200, 122, 168, 18, 254, 219, 7, 76, 254, 173, 226, 252, 253, 137, 15, 200, 179, 234, 106, 253, 167, 222, 13, 52, 58, 142, 193, 240, 217, 246, 7, 82, 232, 4, 239, 113, 254, 254, 247, 4, 238, 219, 3, 245, 1, 253, 79, 249, 160, 0, 12, 44, 80, 252, 4, 166, 202, 174]
[22, 205, 20, 134, 249, 171, 254, 177, 254, 253, 185, 175, 5, 0, 191, 121, 168, 19, 254, 210, 8, 75, 253, 176, 225, 252, 253, 131, 16, 201, 179, 232, 106, 253, 170, 218, 14, 53, 53, 147, 185, 239, 214, 244, 10, 85, 228, 4, 233, 113, 254, 254, 248, 4, 240, 218, 3, 246, 2, 253, 85, 248, 167, 0, 13, 42, 80, 252, 4, 166, 202, 163]
[22, 210, 18, 134, 250, 169, 254, 176, 253, 252, 182, 175, 5, 0, 188, 121, 173, 22, 253, 201, 10, 74, 253, 178, 223, 252, 253, 125, 18, 202, 179, 230, 100, 253, 173, 215, 14, 53, 52, 153, 179, 237, 212, 244, 13, 86, 225, 4, 227, 113, 254, 254, 249, 4, 241, 216, 3, 246, 3, 253, 92, 247, 168, 0, 14, 40, 80, 252, 4, 166, 202, 150]
[22, 214, 16, 134, 250, 168, 253, 175, 252, 252, 180, 175, 5, 0, 183, 121, 173, 23, 253, 190, 11, 70, 253, 181, 222, 252, 253, 119, 20, 204, 182, 229, 99, 253, 175, 213, 15, 53, 52, 154, 174, 236, 210, 242, 17, 86, 221, 4, 221, 113, 254, 254, 250, 4, 243, 215, 3, 246, 3, 254, 98, 247, 179, 0, 14, 38, 80, 252, 4, 166, 202, 144]
[22, 218, 14, 134, 250, 168, 253, 174, 251, 252, 178, 175, 5, 0, 181, 121, 174, 25, 253, 179, 11, 69, 253, 185, 222, 252, 253, 114, 20, 205, 184, 228, 99, 254, 177, 211, 16, 52, 50, 155, 170, 234, 208, 241, 21, 86, 218, 4, 215, 113, 254, 254, 250, 5, 243, 214, 3, 247, 3, 253, 103, 245, 180, 0, 15, 37, 80, 252, 4, 166, 206, 138]
[22, 221, 12, 134, 250, 168, 253, 174, 250, 251, 176, 175, 5, 0, 173, 121, 169, 26, 253, 168, 11, 68, 253, 187, 222, 252, 253, 109, 21, 206, 185, 227, 99, 254, 179, 210, 16, 51, 49, 155, 165, 233, 208, 241, 26, 86, 215, 3, 208, 113, 254, 254, 250, 5, 243, 214, 2, 248, 3, 253, 107, 245, 180, 0, 17, 36, 85, 252, 4, 166, 207, 135]
[22, 225, 11, 134, 249, 165, 253, 174, 249, 251, 174, 175, 5, 0, 162, 121, 168, 26, 253, 156, 13, 68, 253, 188, 221, 252, 253, 104, 22, 206, 185, 227, 99, 253, 181, 209, 16, 50, 49, 155, 162, 232, 208, 238, 31, 86, 211, 2, 202, 113, 254, 254, 250, 5, 243, 214, 2, 248, 3, 254, 109, 245, 180, 0, 18, 35, 85, 252, 4, 166, 206, 126]
[23, 228, 10, 134, 249, 163, 253, 174, 248, 251, 172, 175, 5, 0, 158, 121, 168, 28, 253, 144, 14, 68, 252, 192, 221, 252, 253, 100, 24, 206, 185, 227, 99, 253, 182, 209, 16, 49, 49, 160, 159, 229, 208, 238, 35, 86, 207, 2, 196, 113, 254, 254, 251, 5, 243, 214, 2, 249, 4, 254, 110, 244, 185, 0, 20, 34, 85, 252, 4, 166, 206, 123]
[23, 230, 9, 130, 249, 163, 253, 174, 247, 250, 170, 175, 5, 0, 153, 120, 168, 29, 253, 133, 16, 68, 251, 194, 219, 252, 253, 95, 26, 206, 186, 225, 99, 253, 183, 209, 16, 48, 48, 166, 157, 228, 208, 238, 39, 86, 204, 2, 189, 113, 254, 254, 251, 5, 242, 214, 2, 249, 5, 254, 111, 243, 186, 0, 21, 34, 86, 252, 3, 166, 206, 116]
[23, 233, 8, 128, 249, 163, 253, 174, 247, 249, 169, 173, 5, 0, 150, 120, 169, 33, 253, 121, 16, 64, 251, 195, 218, 252, 254, 91, 26, 206, 186, 222, 99, 253, 184, 209, 19, 47, 48, 168, 153, 226, 209, 237, 45, 86, 200, 2, 181, 113, 254, 254, 251, 5, 241, 214, 2, 249, 6, 254, 112, 241, 186, 0, 23, 34, 86, 252, 3, 166, 206, 114]
[24, 235, 8, 127, 249, 155, 253, 174, 246, 249, 168, 171, 5, 0, 141, 120, 169, 34, 253, 110, 18, 63, 251, 196, 218, 252, 254, 88, 31, 206, 186, 223, 99, 253, 185, 210, 17, 46, 45, 168, 150, 225, 210, 236, 50, 86, 196, 2, 174, 113, 254, 254, 251, 5, 241, 214, 2, 249, 7, 254, 112, 240, 186, 0, 27, 33, 86, 252, 3, 166, 206, 113]
[24, 237, 8, 127, 249, 151, 253, 174, 245, 249, 168, 170, 5, 0, 137, 120, 163, 37, 253, 99, 18, 63, 251, 196, 218, 252, 254, 85, 35, 209, 186, 222, 99, 253, 186, 210, 16, 45, 45, 172, 148, 221, 211, 236, 55, 82, 193, 2, 165, 113, 254, 254, 251, 5, 242, 214, 2, 249, 7, 254, 115, 240, 195, 0, 31, 32, 86, 253, 3, 166, 206, 105]
[24, 239, 8, 127, 249, 149, 252, 174, 244, 248, 168, 170, 5, 0, 132, 120, 162, 38, 253, 87, 21, 63, 251, 196, 215, 252, 254, 83, 39, 210, 186, 222, 99, 253, 187, 209, 18, 45, 45, 173, 146, 219, 212, 232, 61, 81, 189, 2, 155, 113, 254, 254, 252, 5, 241, 214, 2, 249, 8, 254, 117, 238, 197, 0, 32, 32, 86, 253, 3, 166, 206, 102]
