Input scale (32 bit):
 33686004
Input zero point:
 127
Weight scale (32 bit):
 41659464
Weight zero point:
 147
Output scale (32 bit):
 468624256
Output zero point:
 166
M Scales (32 bit):
 2994597
Weight (8 bit):
weights_conv[0] = {13, -7, 9, 54, -1, -79, -44, 51, 40, 31, -31, -4, -4, 11, 16, 12, 64, 14, -91, -64, 48, 1, 0, 17, -16, -89, -147, 6, 3, -3, -28, -44, -43, -129, 20, -14, 17, -4, 6, -22, -6, 52, -94, -86, 10, 66, 59, 86, 18, -11, -81, -66, -19, -46, -98, -84, 67, 48, -26, 44, 10, -56, 79, 108, -21, -5, 52, 51, -13, -34, -20, 30};

Bias (8 bit):
 {208};
