Input scale (32 bit):
 425134080
Input zero point:
 130
Weight scale (32 bit):
 38827408
Weight zero point:
 149
Output scale (32 bit):
 359628896
Output zero point:
 119
M Scales (32 bit):
 45899688
Weight (8 bit):
weights_conv[0] = {53, -2, 21, 17, -14, -25, -17, 8, 21, -3, -3, -12, 21, 21, 10, 3, 11, 12, 18, -18, -17, -6, -28, -9, 11, 15, -14, 4, -21, 19, 16, -8, -3, -7, 3, 27, 6, 9, -3, -4, -14, -31, -6, 13, 8, -3, -11, 15, -17, -38, 1, 14, 4, 18, 34, 11, -3, -4, 23, -30, -4, -2, 42, -10, -8, 25, -16, 0, 2, 11, 1, -14, 3, 12};
weights_conv[1] = {-60, -27, 0, 27, -16, 15, -2, -26, -5, -22, 5, 11, 20, 27, -3, 25, -11, 10, -29, -1, 2, 10, -6, 18, -15, 20, 4, -7, 3, 18, -12, 10, 23, 6, -16, 0, 11, -31, 19, 29, -32, 27, -3, 37, -19, -3, 27, 32, 18, 34, -29, 2, 3, 0, 28, -25, -8, -8, 39, -14, -7, 26, 5, -8, 25, 9, 1, -23, 19, 16, -15, -9, 24, 33};
weights_conv[2] = {-40, -67, 14, -11, 4, -1, -4, -43, -3, -17, 10, -13, 2, -39, 33, 24, -23, 26, 35, 27, 4, -32, 28, -19, 14, 3, -21, -20, 41, 0, 17, 12, -13, 22, -1, -32, 21, -12, -22, -28, 15, 9, -2, 12, -21, -11, 34, 44, 22, 8, -39, -30, 14, 5, -17, -15, 31, 2, 33, -13, 5, -11, 18, 17, -31, 45, -3, 31, 24, -19, -7, -24, -1, 17};
weights_conv[3] = {-10, 6, 0, 9, -14, -8, 2, 7, -22, 13, 12, -2, 0, 15, 0, 10, -4, 21, -22, -13, -27, 16, 6, -3, -15, 4, -11, -40, -10, 21, -30, -8, -18, -34, 2, 27, 2, 0, -4, -9, 21, -10, 5, 12, 9, -15, -19, 22, 5, 10, 34, -3, -13, -15, -22, -9, 2, -9, -19, 6, 27, -9, 23, 3, -33, -19, -11, 3, 15, 8, -12, 0, -23, 17};
weights_conv[4] = {9, -14, -10, 18, -5, 1, -7, -1, 6, -6, 12, 20, 5, 9, 11, 26, -4, -27, 12, 15, -14, 14, 0, 8, -1, 9, -20, 1, -16, -12, -18, 0, -17, 15, 11, -7, -10, -13, -1, 6, 18, 5, 10, -4, 18, -5, 8, 14, -3, -19, 21, 15, -6, -27, -3, 2, -9, -7, -12, -4, -26, -10, -13, -28, -5, 18, 7, 23, 16, 0, -17, -7, -11, 22};
weights_conv[5] = {52, -34, 5, -2, 54, 33, -6, 13, 0, 54, -38, 8, 5, 13, 10, -19, -28, -10, -28, 20, 15, -13, 3, -41, 9, -25, -13, -18, -43, -41, 52, -1, 9, 1, -32, -27, 49, -3, 9, -7, 27, 7, -35, 30, 6, -2, -37, -33, 12, 8, -28, -17, 23, -17, -3, -4, -18, 38, 26, -34, -21, 34, -7, 10, 32, 10, -33, -22, -14, -17, 33, 14, -43, 4};
weights_conv[6] = {-19, -10, -23, -7, -12, 8, 10, -15, -24, -20, 15, -1, 18, -4, -1, -3, 1, -13, -26, -10, 1, 2, 10, -4, -22, -7, 12, -9, -18, 14, -11, 2, -1, 26, -21, 4, -28, 16, -7, 9, -40, 9, -9, 4, -29, -6, 2, 23, 51, 0, 14, -22, 1, 27, -11, 18, -1, 2, 10, 21, -2, 4, 11, 21, -17, -3, -4, -32, -9, -39, -19, -23, -13, -20};
weights_conv[7] = {27, -107, -3, -8, -6, -9, -31, -14, 24, -6, 25, 9, 31, 4, -7, 43, 3, 15, 43, -1, 1, 12, -12, 33, 47, -38, 2, 21, 16, 46, 22, -14, 16, 4, 10, 13, 12, 16, -21, 38, -11, -10, -9, 44, 37, -10, 33, -13, 21, -4, 54, -32, 18, 39, -2, -54, 4, -23, 31, 13, -23, 16, 18, 9, 2, 18, 5, -6, 9, 16, 7, -9, 4, 43};
weights_conv[8] = {-37, -7, 5, -8, 0, 16, -15, -8, 11, 15, -22, 20, -11, 30, -6, 21, -2, 41, 27, 13, -4, 14, -4, 6, 7, 12, 27, -9, -8, 25, 5, -13, -28, -9, 4, 25, 2, -24, 25, -15, 7, -2, -2, 1, -30, 30, 1, 5, -5, 10, -10, -11, 13, -3, 15, 20, 8, 2, 8, -7, -20, -6, 13, -23, -12, -1, -7, -10, -19, 0, -10, 19, -19, 1};
weights_conv[9] = {-3, -5, -5, 19, -5, 16, 4, -6, 1, -10, -11, 5, 6, 12, -15, -7, 23, 2, 2, -25, -5, 0, 1, 6, -14, -3, -12, 7, 13, 22, 1, 15, -7, 5, -11, 0, -1, 5, 11, -5, 11, 25, 22, 2, 8, -1, -1, 5, -11, -7, 6, -7, -5, 13, 8, -4, 8, -12, 8, -5, -4, -7, 11, 4, 7, 10, -4, -12, 9, -5, -13, 23, 16, 3};
weights_conv[10] = {-4, 10, -4, 30, 6, -16, 1, 5, -4, 16, -12, 2, 15, -25, -3, 12, 16, -7, 1, -9, -20, 7, 23, 6, -10, 10, 25, 19, 20, -9, -21, -21, -1, -9, -17, 5, 4, -16, 14, 17, 36, 19, 2, -5, -1, -15, 7, 7, 8, 25, -16, -3, 18, -11, 28, 18, 3, 8, 14, 6, 16, 9, 14, 5, -8, -19, -10, 12, -6, 12, -7, -3, -14, -6};
weights_conv[11] = {34, -69, 18, -7, -32, 30, -23, -18, -15, -4, -1, 37, -11, 13, 11, 19, 19, 18, -1, 13, -11, -5, 15, 16, -35, 2, 14, -8, 22, 12, -16, 12, -13, -10, -1, -30, -10, 6, -6, -15, 9, -6, -4, 21, -8, 1, -6, -12, 2, -20, 37, -23, 14, -17, 14, 0, -2, -12, 2, 8, -7, -11, 1, 24, 12, -2, -36, -15, 18, 12, -9, 19, -6, 28};
weights_conv[12] = {8, -71, 36, -26, -22, 9, -3, -24, -17, 5, 20, 48, -15, 45, 18, 41, 18, 23, -27, 2, -18, -3, -18, 31, 19, 18, -4, 14, -10, -11, -35, -13, -1, 12, -7, -25, 4, 4, -22, 38, 17, -26, 6, -52, 9, 0, 3, -27, 2, -11, 11, 7, -26, 23, -45, 7, 5, -20, -13, -12, -16, 31, -28, 9, -27, 27, 29, 11, -31, -14, -2, -15, -1, -31};
weights_conv[13] = {18, 9, 4, -11, -22, 0, 2, 4, 1, -28, -21, -5, -7, -2, 8, -1, -4, 0, -22, 12, 0, 19, 8, 4, 0, 3, -8, 5, -12, -1, -12, -14, -10, -25, -1, -1, -19, -2, -14, -16, -8, 2, -4, 0, -21, 12, -5, -10, -1, -15, 3, -8, 8, -6, -12, -3, -5, -3, -1, -17, -4, -4, 3, 3, -23, -14, -14, 2, -11, -16, -10, 13, 4, -1};
weights_conv[14] = {57, -66, -25, 14, 18, -14, -19, 37, -13, 5, 23, -1, -7, -13, -17, -31, 29, 5, -15, -7, 9, 16, -1, -5, 0, 25, -16, -8, -26, -31, -31, -4, 0, 34, -15, 29, 1, 32, 3, -16, 5, -18, 12, -6, -12, 25, -53, -4, -16, 15, -32, 2, 13, 3, 27, -10, -12, -2, -20, 27, 10, 14, -11, -15, -12, -6, -30, 13, -4, -20, -16, -25, -4, 19};
weights_conv[15] = {40, -38, 30, -13, 9, 4, 22, -21, -17, 15, 24, -16, 12, -15, -7, 4, -33, 0, 25, 9, 6, 19, -39, 24, -9, -14, -4, -12, 33, 41, 3, 23, -11, 6, 2, -51, 9, 23, -18, -10, 17, -17, -10, 15, -10, -24, 0, 27, -20, -7, 7, 5, -7, 42, -17, -34, -2, -1, 15, 16, 1, -28, 21, 15, -11, 19, 11, 7, 55, 1, -15, -17, 36, 10};
weights_conv[16] = {-29, -5, -12, 14, -14, 4, 1, -10, -4, 8, -13, 5, 3, 15, -7, -7, -5, 3, -17, -7, -3, 0, -7, -19, -1, -5, -16, -2, -30, -10, 6, -3, -13, 3, -21, -9, 0, 16, 4, -14, 5, 6, -7, 2, -6, 12, 10, 6, 9, 14, 9, -11, -10, -12, 17, -8, 11, -10, 5, -3, -6, -21, 12, -6, 1, -18, 9, 12, -9, -21, -4, 2, -9, 13};
weights_conv[17] = {-1, -2, -3, 50, -12, -20, 21, -23, -8, 22, 9, 17, 9, -2, 10, 23, 6, 19, 12, 20, -36, -16, 19, 10, -8, -26, -6, 6, 0, 20, 13, 6, -16, -28, 23, -21, 24, -10, 17, -6, 0, 26, 5, 4, 6, -21, 30, 9, 11, 29, 5, 17, 26, 9, -25, -13, 13, 32, -20, -5, -4, 18, 9, 26, 14, -13, 4, 17, -7, 17, -4, 7, -12, -12};
weights_conv[18] = {-29, -43, 13, -21, 23, -11, -19, -24, -20, -7, 3, -8, -3, 11, -16, 24, -7, 7, 5, -34, 2, 2, 48, 6, -8, -14, -32, -30, 24, -6, 3, 8, 10, -13, 28, 9, 32, -8, -17, -27, -6, -16, 23, 12, -28, -31, -1, -32, 17, 34, 3, 7, 17, 0, -18, 15, 9, -22, -38, 14, -16, 26, 0, 13, -28, -18, 3, -14, 15, 31, 11, -30, -13, 23};
weights_conv[19] = {1, -20, -13, -17, -37, 26, -20, -26, 14, 35, 13, 16, 2, 5, -15, -18, -31, -24, -35, -9, 7, 11, 4, -31, -20, -23, -9, -9, -8, -10, 23, -19, 4, 11, 0, -4, 16, -20, 6, 24, -42, -22, -14, -17, 14, -19, -48, 13, 0, -13, 13, -1, -8, 0, -7, 29, -14, -7, 10, 9, -5, 5, -20, 2, 17, -9, -44, 10, 1, -19, 4, -9, -16, -15};
weights_conv[20] = {62, 38, -17, -17, 18, 5, -36, -26, -12, 5, 0, -13, -18, 34, 3, -10, 17, -38, -3, -18, 11, 15, 9, 32, 1, 9, -31, 18, -25, 17, -20, 2, -2, -5, -10, -36, 9, -27, -27, 2, -12, -10, 1, -2, -30, 20, -7, -19, 11, 7, -2, 34, 9, 7, 11, -17, 20, 16, 2, -24, -20, -20, -37, -14, -8, -6, 27, 18, 13, -14, -20, -1, -8, 3};
weights_conv[21] = {0, -2, -10, -9, 1, 2, 11, -6, 13, 7, -7, 3, -3, 13, 20, 18, -8, -4, -11, -22, -23, 11, 10, 5, -11, -16, -18, -9, -19, 2, -7, -7, 6, -6, -4, 2, -3, -5, 8, -13, -9, -16, 8, 22, 1, -9, -14, 5, 2, -12, -5, -5, 12, 6, -4, -10, 25, -1, -4, -8, -19, -6, -6, -17, -2, 16, -3, 13, 1, -7, 0, 5, 6, 7};
weights_conv[22] = {99, -6, 6, -16, -29, 14, -18, -10, -4, -4, -19, 12, 16, 15, -8, 14, 19, -20, 9, 5, -12, -18, -9, -4, -17, 40, -9, 1, -11, -7, -7, 34, -24, -15, 10, 4, 17, -9, 5, -9, -14, -4, -33, -5, 14, 14, 4, -5, 26, -22, 35, 25, 22, -2, 3, 4, 12, 33, 28, -11, -10, 45, -3, -2, -14, 37, -29, 7, 21, -27, -20, 3, -23, -24};
weights_conv[23] = {-75, -73, 9, -10, 20, -25, 20, -13, -9, -28, 35, -1, 10, -12, -2, 37, 25, 26, 15, -17, -16, -4, 5, 26, -21, -12, -16, -1, -21, 21, 4, 15, 11, -12, -20, -29, -4, -13, -11, -18, 7, -40, -9, 34, 15, -3, 16, -25, 9, -13, 24, 12, -26, -15, -5, 27, -18, 29, -19, 5, -4, -14, 45, 0, -28, -5, -7, 1, -2, 30, -28, -26, 8, -25};
weights_conv[24] = {-35, -35, 9, 3, 9, 2, 11, 5, -4, 5, -11, 10, -8, 5, 23, -12, -4, 25, -17, 6, 15, 20, -8, -11, -14, -26, -20, -26, -20, 10, 11, 8, -4, 9, 1, 15, 21, 15, 3, -10, 2, -18, -4, 17, 11, -13, 22, -14, 1, 1, 0, 8, -1, 13, -12, 11, 17, -8, -4, -7, -2, 11, 29, 12, 0, 18, -20, -2, -5, -4, -16, 23, 11, 8};
weights_conv[25] = {-37, -28, -22, -2, -13, 20, -32, -31, -20, -25, -6, -6, 53, 1, 13, 25, -24, 7, -25, 14, -4, 3, 24, 19, 6, -7, -11, 4, 3, -21, -40, 32, 6, -5, 5, 17, -8, -20, -1, 23, 16, -13, 11, -21, 11, 2, 17, -8, -1, -16, 44, 13, 0, 15, -25, 35, -23, -30, -11, -37, -24, 8, 1, -33, -22, -6, 6, -3, 23, 22, 16, -18, 18, 16};
weights_conv[26] = {-16, 8, 37, -15, 14, 25, -21, -12, -7, 5, -13, 9, 8, 39, -13, 8, 7, -17, 7, 7, 15, 22, 9, 13, -12, -19, 7, -7, -11, -1, -23, 22, 4, 38, 3, 51, 10, -7, 13, -15, -1, 15, -11, 32, -27, 21, -23, -18, 28, -27, 4, 38, 15, 0, 26, 16, -7, -36, -3, -14, -39, -22, 6, 28, 6, 7, -15, -21, 2, 19, 4, -18, 49, -36};
weights_conv[27] = {-11, -20, -23, 4, 13, -13, 5, -16, 7, -4, 10, -5, 7, 15, -33, 7, -14, -12, 4, -19, 8, 3, -35, 2, 8, -11, -27, -19, -8, 21, 10, 39, 20, 16, -2, -6, -1, -14, -25, 24, 14, 10, -20, 11, 14, 14, 13, 39, -11, -21, 25, -17, -38, 17, -21, 11, -29, -8, 28, -48, -14, -6, 4, -2, -10, 3, -16, -5, 4, -7, 4, -6, 20, 8};
weights_conv[28] = {-43, -96, 20, -20, 13, 21, 0, 9, -23, 5, -8, 2, -15, 13, 14, 16, -12, 25, 7, -24, -19, -6, 29, 13, 7, -26, -22, -6, 25, 5, 12, 31, 18, -37, 5, -5, 11, -18, -3, 8, -7, -13, -14, 19, 20, -22, 8, -2, 41, 19, 2, -14, -24, 20, -29, 7, 10, -40, -10, 8, -2, 31, 2, 11, 10, -1, 19, -6, -23, 8, -4, -16, -4, 2};
weights_conv[29] = {1, -3, 3, 2, -8, 1, 20, 6, 7, -3, -10, 9, -3, 6, 33, 6, -10, -5, 3, 6, -19, 10, -1, -13, -13, -9, -20, -11, -13, 8, -4, -8, -6, -4, 11, -1, -3, 13, 18, -13, 11, -13, 0, 16, 16, 1, 10, -3, -6, -5, 1, 3, -4, 5, -6, -8, 6, -6, -4, -11, 1, 4, 1, -12, -9, -5, 4, -1, -12, -5, 9, 7, 0, 11};
weights_conv[30] = {-13, 12, -11, -22, 1, 6, 11, -12, 9, 1, 22, 17, 14, -16, 1, -14, 7, -22, 14, -1, 18, -21, 7, 3, 10, -6, 27, 16, -5, -42, -24, -5, -7, -15, -23, -22, 11, 18, 7, -4, 8, 1, -5, -12, 15, -42, 18, -45, 6, -15, -19, -13, 3, -31, -5, -13, -20, -9, -16, -30, -51, -13, -13, 3, 1, 20, -14, 1, 12, -16, 11, 24, -34, 4};
weights_conv[31] = {7, -13, 1, -4, 1, -18, -17, -9, -15, 25, 11, 2, -10, -3, 2, 5, -16, -2, -3, -6, -19, 13, -1, -10, -2, 17, 33, 8, 5, -11, 6, 9, 2, -22, -26, 25, 27, 23, 7, 7, 3, 9, 8, -15, -4, 4, -27, -12, -3, -8, -25, -16, 16, -1, -13, -3, 31, -6, -13, -1, -5, -22, 10, -16, -3, -8, -9, 0, 11, -28, 4, 1, -15, 4};
weights_conv[32] = {-14, 7, 20, -7, -5, -2, 5, -3, -9, 8, 7, -14, -2, 8, 20, 8, -6, 20, 4, 7, -22, 3, 0, -2, -27, -23, 2, 20, -16, -10, 27, 6, 12, -14, -21, -13, -4, -5, -12, 9, 5, -12, 14, 25, 23, -8, 10, 27, 12, -2, -15, 3, 2, 17, 19, -13, -3, -20, 5, -28, 10, -29, 17, 7, 0, -17, -6, 4, -9, 25, -13, -2, -11, 6};
weights_conv[33] = {-1, 4, -9, 20, -12, 8, 10, -2, 0, -10, 10, 3, 5, 6, 10, 6, 14, 17, 9, -10, -13, 5, 5, 6, -5, -19, 2, 12, -11, 12, 9, 16, -11, -17, 18, -6, -16, -13, 11, -1, -2, 5, 12, 4, -7, -4, -13, 7, 1, 4, 12, -1, 17, 5, 0, 9, 4, 10, -11, 11, 3, -7, -2, -3, -11, -5, 11, 16, 3, 9, 6, 8, 0, 8};
weights_conv[34] = {12, 3, -10, -10, 6, 6, -14, -14, 8, 25, -4, 22, 0, 2, 7, 9, -6, -2, 12, 4, -2, 8, 25, 11, 1, -12, 8, -4, -7, 1, -1, 2, -5, 11, 7, 7, -1, -9, -31, -4, 3, 0, -7, -3, -14, 10, 22, 17, 9, 19, -2, 1, 11, 8, 14, 3, -11, 0, -7, -24, -6, 3, -9, 6, 9, 11, 7, 0, -8, 13, -2, -3, -1, -10};
weights_conv[35] = {-12, 8, -19, 1, 0, 2, -15, 13, 7, -9, 24, -28, -5, -11, 14, 16, 26, 4, 36, -18, -10, 5, 13, 18, 20, 0, -20, 16, 9, -16, -4, 5, 16, 19, 2, 8, 4, -27, -18, -13, -9, -19, -10, 3, 9, -32, 25, 16, -20, 5, -11, 2, -29, 23, 7, -9, -14, -15, -16, 7, 13, -5, -24, -3, 10, 10, 1, 17, 6, -26, -21, -33, 16, -6};
weights_conv[36] = {-19, -5, -15, -21, -17, 30, 11, -8, 5, -14, -15, -36, -19, 47, -34, -16, 6, 17, 24, -45, 0, -2, -18, -1, -12, -12, -15, -30, -21, 30, 32, 17, -8, -11, 28, -9, -2, 5, 4, 16, 14, 17, -20, 1, -15, -2, -20, 2, -28, 6, 5, -1, 13, 2, -38, 28, -30, -12, -20, 9, -1, 7, -1, 6, -29, 5, 4, -1, -18, 14, 8, -18, 19, 1};
weights_conv[37] = {22, -57, 29, -29, 20, -12, 3, -7, -29, 7, -21, -14, 10, -9, 14, -8, -15, -2, -10, -1, -5, 11, 31, 8, 18, -27, 18, 29, 0, -19, 1, 0, 21, -26, -23, 10, 39, 27, -16, -12, 53, -38, 18, 18, 8, -2, 14, 0, -11, 32, -2, 27, 3, 28, 24, -8, 10, 29, -3, 12, 32, 25, 31, 0, 20, -9, 2, -2, -34, -16, -4, -29, -4, -10};
weights_conv[38] = {10, 60, -15, 29, 6, 13, -12, -20, 10, 17, 5, 0, -2, -9, -16, -11, -14, -9, 10, -18, -3, 28, -17, -12, 17, 6, -19, 9, -46, -17, -22, -5, -5, 16, 14, -10, -6, -25, -28, -10, 20, -19, -14, 11, -22, 20, -9, -8, 4, -10, -13, 9, -31, -6, -11, 11, -3, 0, -16, -39, 22, -14, -24, 0, 14, -16, 15, 16, 25, 16, 6, -1, -6, -9};
weights_conv[39] = {-4, -24, 7, 14, -32, 21, -23, 24, 10, -20, -2, -1, -37, -7, 3, -10, -25, -1, -15, 9, 18, 28, -29, -18, -14, 29, 3, 16, 31, 17, -19, -10, 14, 33, 44, 22, -6, 15, -34, -19, 26, 4, -23, -5, -1, 2, -18, -3, 4, -1, -5, 23, -21, 37, -41, -12, -26, -12, 12, 16, -15, -7, -37, 42, -32, -18, -27, 15, -17, 19, -41, 11, -19, 7};
weights_conv[40] = {-1, -13, 7, -14, 11, -2, 8, -4, 1, 8, -29, 5, 18, 13, -23, 26, -6, 3, 4, 6, 2, 7, 17, -19, -29, -17, 0, -4, 24, 14, -30, 21, -5, -23, -17, -4, 10, 12, 10, 20, 18, 22, 36, -4, 11, 8, -6, -2, -17, -18, -24, 3, -7, -14, -12, -27, 10, -3, -20, 0, -7, -14, -33, -19, 7, 17, 7, 11, -11, -5, -27, 28, 18, 7};
weights_conv[41] = {48, 19, 10, -44, 5, -2, 19, 33, -5, 12, -15, 2, -38, 1, -12, -22, -24, -11, 14, -10, 14, 7, 25, 3, 22, -8, 10, -3, -3, 20, -28, 19, -22, 39, -31, 15, 34, -19, -16, -9, 16, 6, -16, 22, -7, 26, -16, 35, -23, -19, 4, -19, -3, -7, 3, 3, 13, -5, -5, -11, 3, -23, -2, -6, -17, 9, -9, 13, -1, 27, -10, 32, 6, 25};
weights_conv[42] = {-45, 21, -13, 31, -23, -22, 20, 16, 18, 14, 15, 6, 11, 19, -6, -6, -4, 18, 0, -12, -19, 3, 3, -1, 17, -1, -15, -3, 3, 6, 38, 7, 14, 5, 23, -21, 5, -28, -9, -28, -21, -22, 7, -5, -6, -13, 18, 4, -33, 19, -9, -26, -27, 19, -10, 15, -13, -24, 6, -28, 6, 11, 5, 0, 8, -7, -18, 3, -18, -19, -31, -19, -6, -7};
weights_conv[43] = {-49, 33, 41, -10, 6, 21, -4, 36, 13, 6, -11, 42, -10, 29, 9, 9, -1, -16, 9, 27, -7, 2, -18, -15, -27, 14, 3, -30, -4, 2, -3, 17, -5, -13, -11, 11, -16, 9, 26, -9, 14, -10, -3, 25, 9, 59, 3, 1, 10, -38, 1, 12, 9, 7, 1, -2, -7, -7, 5, -8, -11, 12, -19, 34, -32, -15, 2, -26, 6, 39, -4, 5, 15, 32};
weights_conv[44] = {26, 76, -9, 11, -11, -11, 7, 17, 0, 10, -40, 29, 7, 14, 20, -23, -5, 26, 3, -22, -1, 11, -8, -13, 9, -16, 25, -27, 13, 2, -17, -28, -5, -11, 0, 12, 3, -41, -29, -36, -13, -9, -18, 7, 3, 4, 2, -2, 7, -4, 32, 26, -3, 17, 4, 2, -8, 4, 11, -15, -3, -19, 5, -25, -17, -11, -8, -17, -48, -25, -37, 25, -16, -12};
weights_conv[45] = {-5, -2, 4, 3, -6, 10, -9, -10, 2, 3, -12, 4, -6, -3, -3, -5, 2, -2, 0, -10, 14, -8, -2, -12, 4, 19, 9, -13, -1, -13, 9, 1, 15, 15, 10, -4, 1, -15, 0, -12, -22, 1, -5, -6, 2, 1, -1, 3, -6, 13, 0, -9, -3, 16, 5, 10, -17, -13, 17, -8, 7, 10, -5, 10, 8, -2, -4, -22, 1, -5, 11, -13, -1, -3};
weights_conv[46] = {9, 23, 11, 2, -16, -9, -1, 8, 17, 10, -19, 17, -9, 2, -4, 3, 13, -16, 1, 1, 6, -11, 13, 9, 5, 6, 1, 12, 9, -12, 0, 15, 1, 27, 10, 11, 11, 8, -2, 2, -10, 12, -10, 11, -12, -2, 4, 12, 1, 9, 3, -7, -5, -9, -15, 4, -11, 17, 11, 11, 11, 1, -14, 8, 27, 9, 1, -13, 4, 4, -8, -4, 4, -7};
weights_conv[47] = {15, 44, 7, 9, -14, -2, -9, -4, -8, -4, -7, 12, -4, -4, -1, 12, 15, 19, 11, -8, -2, 32, 19, 17, 3, 17, 1, 17, 19, 17, -22, -8, 5, -6, 11, -4, 20, -2, 0, 11, 21, -36, -13, 26, -2, 4, 0, -11, -6, 9, -3, 23, -23, -3, 13, -9, -3, 23, 2, -4, 24, -16, -14, 17, -2, -33, -10, -14, 4, -5, 5, -10, -6, 3};
weights_conv[48] = {66, 11, 12, -27, -17, -8, 13, -8, -10, 38, 18, 32, -10, -1, -22, 10, -2, -15, 11, 9, 20, 4, -11, -9, -5, -4, 14, 10, 13, 21, 38, -4, 4, -2, -52, -41, -19, -18, 19, -25, 8, 5, -23, -26, 31, -5, -20, -58, -24, 9, -19, -1, -37, 1, 12, 32, 8, 20, 8, -18, 19, 8, 6, 31, 23, -13, -12, -2, -5, -12, -23, 15, -28, -16};
weights_conv[49] = {-5, -18, 22, 19, -11, -6, 2, 23, -11, -4, -1, -36, -3, 27, -8, 25, 7, 25, 12, -25, -20, 13, -10, 9, -18, -13, 32, -31, -3, 10, -13, -1, -3, 2, -33, 29, 1, -1, -27, -25, -25, 21, 23, -29, -4, 0, -23, -49, -30, -15, -28, 7, 0, 6, 6, 15, 10, -35, -19, 11, 18, -20, 6, -10, 10, 7, 0, -4, 17, 10, -44, -6, -5, 14};
weights_conv[50] = {14, -5, 3, -32, -11, -2, -23, 4, -3, 7, -15, 14, -21, 8, 7, 4, -11, -16, -10, -1, 12, 40, 7, 10, 5, -13, -1, -26, 9, -13, -10, 23, -25, -23, -37, 39, -1, -7, 5, -26, -3, -2, -2, 5, -4, -8, -8, 23, -5, -32, 4, -2, -3, 1, -8, 5, 4, 7, 8, -13, -30, -14, -7, -31, 2, -1, -24, -10, 6, -12, 0, -18, 9, 7};
weights_conv[51] = {5, 19, -26, -13, -1, 1, -22, -25, 5, -4, 9, -24, -2, -3, -11, 23, 7, -11, -13, -13, -14, -7, -2, -16, 17, 1, -10, 7, 16, 9, 19, -1, -8, -17, -8, 9, 11, -14, 12, 24, -17, -5, 20, 27, 10, -7, -19, -1, 17, -13, 16, -29, 17, -6, -4, -1, -4, -9, 29, -8, 6, -10, -21, 6, 7, -5, -31, 12, 4, -10, 23, -12, 6, -1};
weights_conv[52] = {-10, 33, -51, 8, -16, 32, -34, 4, 18, -8, 18, 13, 30, 5, 15, -1, -2, 41, 20, -11, -9, 1, -18, 4, 6, -17, -12, -18, -9, -6, -4, -36, -13, -12, -11, 14, 26, -5, -13, -29, -14, 19, -10, 11, -10, 12, 33, 16, -30, 34, 3, -4, -19, 2, 26, 15, -6, 1, 4, -4, 8, 14, 3, 0, 16, 21, 7, 25, -1, -12, 3, 28, 8, 0};
weights_conv[53] = {13, -1, -6, 9, 3, -8, 3, -17, -8, -4, 7, -16, 6, 1, -7, -1, 8, 11, 10, -16, -13, 1, 15, -13, -6, -25, -3, -15, -10, -11, 6, -10, 8, -18, -11, 2, -3, -5, 2, -21, 19, 5, 10, 2, -6, -15, -10, 18, -8, 15, 6, -12, -2, -18, 7, -9, 3, -16, -14, 11, 10, -24, 12, -3, -5, -14, -2, 13, -10, -13, 0, -1, -15, -4};
weights_conv[54] = {-23, 6, 5, -8, 3, 25, -30, -1, 15, 8, -2, 19, -8, 11, 17, 15, -3, -5, 24, 10, 10, -6, 50, 22, 15, 4, 3, -1, 15, -1, 11, 2, -21, 20, -6, 25, 11, 14, -11, -8, 2, -4, -9, 7, 1, 14, 14, 7, -2, 1, -15, 11, 3, 10, 20, 3, 24, -21, -10, -6, -40, -21, 9, -11, 8, 9, 4, 0, -2, 9, 3, 16, 1, 10};
weights_conv[55] = {4, -5, -2, -1, -12, -29, 5, -14, 9, -6, -7, -6, 14, 9, -16, -11, -11, -17, -14, -9, 3, -28, -17, -16, -11, -16, 11, 8, -15, -8, 12, 55, 8, 16, 13, -8, 13, -23, -2, -41, -12, -4, -11, 13, 0, 20, -5, 29, 20, 13, 18, 0, -49, -6, 10, -2, -7, 12, 8, 7, 25, 5, 8, 20, 15, -27, -12, -7, 1, -4, 4, 5, -20, 21};
weights_conv[56] = {-71, -145, 17, 8, -6, -18, 6, 7, -20, 17, 12, 35, -10, 25, -15, 26, -19, 33, 44, -9, -14, -6, 2, 20, -15, -41, -18, -20, -12, 24, 3, 6, -7, -30, 2, 35, -36, -26, -27, -10, -22, -40, 26, -13, -18, -37, 11, -38, -32, 5, 25, 27, 10, -4, -7, -17, -4, -9, -20, -23, -9, -6, 41, 27, 2, 22, -3, 6, 9, 40, -37, -13, 2, 57};
weights_conv[57] = {-8, 8, -16, -6, -27, 6, 21, 14, -17, 15, 18, -2, 28, -4, -21, -7, 7, 0, 7, 14, 8, 13, 19, 24, -5, 2, -13, -16, -11, 8, 36, 25, -14, -23, 22, 39, -9, 39, 16, 7, 6, -16, -34, -3, 50, 15, -13, 13, 19, 20, 11, -7, -32, -18, -20, 35, 3, -35, -6, -15, 30, -6, 12, -6, 8, -26, -22, 27, 9, 23, 10, 3, 46, 40};
weights_conv[58] = {-12, 34, -2, 19, 7, -24, 0, 11, -26, -14, -18, 24, 14, -3, 6, 10, 14, 2, 19, 19, 8, 3, -13, -20, 15, -5, 18, 19, 6, 0, -23, 20, 19, 20, -3, -5, 35, 11, 2, 2, 30, -34, -13, -9, -12, 21, 4, 15, -8, 22, 13, -5, -1, 13, 28, -22, -3, 3, -15, 25, 6, 10, -1, -11, -2, 11, -5, -2, 16, 5, 0, -20, -13, 17};
weights_conv[59] = {34, -129, -24, -7, -30, 40, -21, -36, 9, -7, 27, 42, 2, 2, -6, -3, 19, -12, 55, 10, -16, 18, 41, -4, -31, 38, 40, 2, -1, -33, -23, 1, -30, -10, -1, -67, 2, -15, -29, 5, 2, -15, 11, -21, 0, 13, -18, 6, -22, 24, -11, -2, -9, 3, 20, -9, -25, -15, 4, 41, -33, -24, 34, 23, -7, 30, 2, -8, 56, 48, -17, -25, -53, -4};
weights_conv[60] = {0, 1, 12, 2, -15, 4, -6, -5, -7, -7, -10, 4, 2, -6, 4, -1, 12, 0, -1, 4, -6, -2, 20, 4, 1, -6, 0, -1, 13, -21, -18, -6, -4, -4, -9, -11, -5, 12, 3, 18, 4, 2, 10, -6, -3, -9, -18, -36, -26, -11, -10, -2, 4, -24, 8, 9, 14, 14, 7, -8, -21, -3, -6, -4, 21, 13, -1, 18, 12, -10, -10, 19, -11, -12};
weights_conv[61] = {0, -7, -5, -17, -28, 4, 8, 4, 4, -19, -1, -1, -3, 17, 29, 21, -26, -5, -16, -5, 8, -3, 14, -2, 10, -20, 6, -23, -19, -3, 3, -22, -16, -7, -3, -8, -15, 0, 9, -11, 11, 8, -4, 19, 9, -6, 4, 8, -9, 4, 19, 21, -6, -9, -13, 6, 18, 16, 16, 3, -8, 6, 0, -20, -10, -1, -16, 14, -13, 6, -12, 12, -14, 13};
weights_conv[62] = {0, -31, 7, -22, -18, 35, -24, -35, 2, -18, 13, 32, -15, 12, 1, 3, 23, -29, -24, -25, -13, 12, 1, -10, 3, 9, 32, -10, 15, 0, 15, -11, 20, 60, -9, 25, 24, 19, -23, -16, 4, 24, -31, 4, 4, 0, 16, 17, -17, 8, -5, 31, 0, -25, -6, 14, -22, 25, 32, -6, -4, -8, -21, 18, -4, -13, -23, -1, -8, -23, -46, 29, -17, 4};
weights_conv[63] = {-19, -15, 17, -13, -35, 22, 6, -14, -38, -7, 7, 3, 11, -5, 2, -1, 9, 13, -12, 3, 3, 10, 8, 14, 8, 25, 8, 2, -21, -9, 10, -26, -28, -26, -4, -9, 8, -38, -13, 12, 7, 7, -22, 20, 0, 25, 13, 15, 8, 17, -5, 15, 15, -5, 5, 10, 6, 8, -10, 12, 8, 9, 19, -11, -38, -22, -14, 13, -30, -28, -33, 5, -32, 16};
weights_conv[64] = {40, 23, -14, 7, 9, -10, -30, -4, -36, -10, 10, 17, 16, -8, 17, 19, 7, 13, -11, 12, 16, 27, -4, -15, 19, 0, -10, 1, -7, -3, 36, -21, 6, 15, -2, 28, -18, -20, -4, 24, -7, 34, -24, 25, 28, 34, -1, -11, 8, 11, -2, 12, 3, 17, -24, 10, -19, 11, 24, 45, 7, -2, 3, 15, -4, 0, -20, 2, 8, 1, 31, 3, 15, 26};
weights_conv[65] = {92, -45, 15, -14, 8, -15, -29, 0, -6, 5, -6, -12, 2, 46, -5, -3, 13, -5, 8, -33, 1, 31, -16, 7, -11, -10, -3, 18, -18, 3, 19, -25, -29, 17, 26, 9, 4, 15, 2, 27, 15, -9, -12, 29, 36, 30, -16, 9, 18, -31, -25, -15, 15, 23, -12, -23, -17, 3, -32, -27, 7, 20, -4, -19, -9, 24, -25, 35, 16, 6, 3, 3, -12, 7};
weights_conv[66] = {-10, 3, -6, -10, 11, 14, -6, 8, -21, -8, 13, 2, -10, 15, 15, 8, -17, 9, -7, 4, -19, 26, 9, -9, -3, -17, 5, -18, 2, 23, -1, 1, -11, -9, -8, -3, 2, 4, -3, -28, 9, 1, 7, -5, -16, -1, 4, -7, -16, -12, -22, 0, -8, 8, -5, -20, -1, -9, 9, -7, -7, -5, 9, -21, -27, 4, -27, 7, 7, 16, -3, 0, -16, 18};
weights_conv[67] = {-5, -9, -8, -1, 0, 52, -25, 4, 2, 21, -24, -28, 6, -5, 8, 14, -17, -9, -5, -9, -4, -4, 38, -1, 6, 27, 12, 5, 2, 0, 0, -3, -9, -11, -17, 22, 16, -24, -2, -14, -26, -2, 26, 7, 11, 24, -4, -21, -29, -1, -7, 12, 36, -13, -4, 11, 2, 10, 9, -17, 13, 4, -19, 3, -5, -2, -14, -4, -9, -8, -3, 9, 7, 16};
weights_conv[68] = {34, -30, 16, 11, -10, 25, 8, -19, -6, -20, 6, -5, 27, 23, 1, -10, -12, 16, 2, 8, -6, 15, -10, -12, -9, 23, 0, -14, -2, -13, 4, -4, -19, 4, -25, 23, 13, 10, 16, -2, -25, 13, 15, 39, 3, 23, -18, -14, -2, -12, 10, -32, -2, 13, 13, 6, -12, -7, 18, -29, 17, -5, 11, 22, -8, 13, 9, -10, 8, 6, 13, -5, 16, 22};
weights_conv[69] = {-8, 4, -18, 9, -18, 13, -7, -20, -10, 14, -7, 13, -3, 22, 18, -23, -8, -32, -25, 12, 17, 21, 0, 1, -15, -14, 3, -23, -23, 10, 17, -15, 22, 23, -22, 4, -18, -11, 13, -4, 5, 13, -20, 15, 18, 7, 15, 11, 16, -10, 13, 33, -2, -22, 24, 35, 15, -3, 6, -8, -24, 28, 14, 28, 32, 10, -31, 17, 6, 8, -18, 28, -6, -1};
weights_conv[70] = {10, 76, -15, 25, -19, -20, 4, 7, 11, 8, -21, 11, 11, 11, 12, -16, -6, 10, 20, -28, 9, -10, 10, -1, 24, -20, -19, -18, -22, -8, 4, 12, 1, -14, -12, -2, -14, 5, -24, -39, -22, -3, -12, 14, -26, -12, 25, 29, 5, 7, 10, 12, -21, -4, -4, -14, -15, 11, -3, -59, -4, 15, -9, 8, -14, 28, 10, -17, 20, -20, -21, 10, -16, -7};
weights_conv[71] = {2, 8, 31, 12, -8, -26, -22, 30, -15, 14, 2, 5, 23, 29, 14, 16, 11, 31, 7, 0, -20, -7, -11, 14, -12, -4, 36, -26, -4, -2, -23, 18, 5, -21, 0, 1, 10, -14, -15, 8, 32, -16, 5, 14, -43, 33, -17, 27, -51, -37, 2, 13, 31, 22, 9, 40, 20, -35, -28, 16, 10, 2, -4, -9, -27, -15, -22, 2, 0, 4, -6, 12, -11, -7};

Bias (8 bit):
bias_conv = {-709, 2329, -2056, -1523, -173, 1645, -430, -3455, 575, -416, 411, 1086, 45, -2438, -3613, 677, 14, -2568, 1876, -1041, 1215, 2474, 2166, 1483, -1104, -1855, 372, 2584, -2658, 1912, -538, 370, 1085, 2053, -1707, 1340, 1320, -982, -1735, 202, 1088, 3641, -9, -406, 984, -1928, 530, -1127, 1214, -700, 1101, 2877, 3161, 850, -2931, 1036, -1050, 1244, 3379, 1687, -394, -2158, -1380, -1452, -4440, 1656, 683, -142, 763, -644, -3215, -806};
Input range (8 bit):
 [-12, -11, -10, -9, -8, -7, -6, -5, -4, -3, -2, -1, 0, 1, 2, 3, 4, 5, 6, 7, 8, 9, 10, 11, 12]
Output range (8 bit):
 [-121, -111, -101, -91, -81, -71, -61, -51, -40, -30, -20, -10, 0, 10, 20, 30, 40, 51, 61, 71, 81, 91, 101, 111, 121]
