0 479
1166 94
4166 450
4333 668
5459 331
5665 1
7252 498
7710 660
10628 207
12207 407
12711 503
17960 162
19669 419
22583 43
24918 613
25040 490
27924 525
28290 423
28458 612
28503 132
28671 238
29465 366
30869 9
35217 424
35614 589
37292 31
39032 634
39612 407
43488 656
43671 332
44678 523
45746 638
48553 192
48798 688
49957 387
50171 172
50842 656
51086 390
51208 257
52216 440
52673 564
52765 530
53223 514
53589 604
54443 619
55084 125
56458 587
56885 442
57617 573
57800 261
58472 492
58960 596
59052 593
59204 175
59753 615
60181 588
60181 614
60333 524
60425 611
60455 582
60822 609
61218 606
61371 605
61890 565
62073 601
62256 237
62561 597
62622 596
62622 624
62744 598
62927 559
63538 555
63538 592
63538 593
63660 591
63904 587
64148 619
64148 588
64270 586
64270 582
64392 577
64819 618
64941 578
64941 539
64941 575
65063 570
65063 579
65063 616
65308 533
65491 610
65491 611
65552 606
65613 571
65613 612
65918 563
65979 567
65979 609
66040 603
66162 560
66223 558
66345 604
66467 607
66528 553
66589 552
66650 555
66650 605
66650 557
66895 599
67017 602
67078 594
67139 540
67139 546
67139 595
67139 596
67261 541
67322 600
67322 545
67444 543
67444 538
67566 542
67566 589
67566 593
67688 535
67749 628
67932 585
67932 534
68054 587
68115 530
68115 532
68237 581
68237 590
68237 591
68298 512
68298 531
68298 586
68420 588
68481 362
68604 511
68604 574
68665 529
68726 576
68787 578
68909 577
68909 619
68970 575
69031 570
69153 566
69153 571
69153 579
69153 620
69275 569
69275 616
69458 558
69519 456
69641 565
69641 615
69641 617
69702 559
69763 564
69824 550
69824 609
69885 614
70190 611
70251 555
70312 545
70312 548
70312 608
70312 482
70312 547
70435 541
70435 606
70435 552
70557 542
70618 535
70618 536
70679 477
70679 604
70679 546
70801 533
70801 605
70862 506
70923 540
70923 602
70984 530
70984 539
71045 529
71106 531
71106 534
71167 525
71167 603
71228 522
71228 607
71350 500
71350 524
71350 528
71350 598
71350 503
71350 527
71411 502
71533 520
71533 521
71533 526
71594 519
71594 523
71655 599
71655 595
71716 600
71777 487
71777 601
71899 495
71899 517
71899 518
72021 485
72021 492
72021 493
72021 515
72083 480
72083 483
72266 479
72266 486
72266 473
72266 516
72327 512
72327 513
72388 514
72449 510
72571 593
72632 471
72693 507
72693 582
72693 587
72693 464
72693 508
72693 585
72754 506
72754 509
72815 476
72815 504
72815 468
72876 463
72876 469
72876 588
72937 472
72937 505
72937 466
72998 365
72998 460
73059 581
73059 621
73059 458
73059 685
73120 470
73181 465
73242 454
73242 462
73242 583
73303 456
73303 566
73303 578
73364 453
73364 573
73425 220
73425 449
73425 450
73425 575
73547 442
73547 448
73608 433
73608 497
73608 569
73608 444
73608 619
73669 565
73669 576
73730 567
73730 574
73730 618
73792 430
73853 437
74097 521
74097 527
74158 522
74158 523
74158 617
74280 406
74280 519
74280 524
74280 556
74402 518
74402 552
74402 548
74463 515
74463 542
74524 511
74524 555
74524 559
74585 614
74646 516
74646 517
74646 551
74646 558
74707 512
74768 510
74951 505
74951 508
74951 513
75012 610
75073 506
75073 509
75073 611
75134 504
75195 500
75195 502
75256 503
75317 498
75317 612
75378 609
75439 495
75439 499
75439 547
75500 496
75500 497
75500 604
75562 607
75562 501
75562 606
75623 494
75684 490
75684 492
75684 488
75684 493
75806 487
75806 602
75806 605
75806 491
75806 531
75928 486
75928 489
75989 484
75989 475
75989 485
76050 469
76050 473
76111 603
76111 483
76111 528
76172 479
76172 480
76233 470
76233 482
76233 599
76233 471
76233 472
76294 481
76294 600
76355 466
76477 460
76477 477
76477 459
76477 593
76599 468
76599 478
76599 521
76599 592
76599 594
76721 522
76721 449
76721 455
76721 514
76782 454
76843 418
76843 446
76843 447
76904 456
76904 450
76965 591
77026 423
77026 442
77026 451
77026 589
77026 597
77087 453
77087 511
77087 517
77148 432
77209 437
77271 513
77271 436
77271 516
77271 577
77332 434
77332 440
77332 507
77332 510
77332 512
77332 626
77393 585
77393 596
77393 412
77393 417
77393 420
77393 435
77393 443
77393 505
77454 414
77454 579
77515 424
77515 416
77515 422
77576 428
77637 379
77637 500
77698 499
77759 405
77759 421
77759 506
77820 497
77881 494
77881 625
77942 360
77942 489
77942 388
78003 357
78003 495
78064 486
78064 492
78064 583
78064 586
78064 623
78247 490
78308 565
78308 624
78369 482
78369 572
78430 480
78430 622
78613 469
78613 477
78613 478
78613 475
78613 561
78735 526
78735 468
78857 472
78857 568
78857 619
78979 473
78979 523
79041 520
79041 521
79102 430
79102 460
79102 518
79224 551
79285 451
79407 564
79407 613
79407 614
79407 617
79468 616
79529 410
79651 412
79651 513
79651 515
79651 512
79712 435
79773 508
79773 511
79834 393
79834 503
79834 509
79834 611
79895 610
79895 502
79956 504
80017 498
80017 496
80078 499
80078 500
80078 501
80078 609
80139 491
80200 487
80200 493
80261 353
80261 495
80261 485
80383 531
80566 606
80566 532
80688 471
80688 483
80688 528
80688 478
80688 480
80750 470
80872 468
80872 469
80933 479
80933 598
80994 464
81055 458
81055 602
81055 596
81116 457
81116 520
81177 461
81238 462
81238 445
81238 450
81299 460
81299 523
81360 446
81360 459
81360 593
81360 441
81360 442
81360 443
81360 463
81421 430
81421 447
81482 423
81604 517
81604 431
81604 519
81665 434
81665 436
81665 437
81665 449
81665 594
81726 433
81726 588
81726 595
81787 419
81787 435
81848 409
81848 589
81848 590
81970 406
81970 513
82153 403
82336 396
82336 581
82397 332
82397 501
82397 498
82520 360
82520 366
82520 583
82581 342
82581 492
82642 368
82764 350
82764 484
82886 335
82886 575
82947 333
83069 572
83130 625
83191 561
83313 480
83313 562
83313 453
83374 444
83374 461
83435 571
83496 529
83557 567
83618 527
83679 552
83679 425
83679 621
83740 522
83862 416
83862 521
84045 519
84106 558
84106 512
84106 618
84229 616
84290 380
84290 514
84351 517
84351 389
84351 515
84412 398
84473 550
84473 607
84473 506
84534 610
84534 614
84656 499
84656 545
84656 549
84717 543
84717 612
84778 539
84778 609
84900 494
84900 605
85083 608
85327 491
85327 604
85388 480
85388 486
85388 529
85449 471
85449 485
85449 492
85449 601
85510 10
85510 477
85571 478
85632 473
85693 464
85693 470
85938 469
85938 595
86060 520
86060 594
86060 457
86182 602
86243 459
86243 591
86243 658
86304 592
86304 597
86304 455
86365 430
86426 447
86487 58
86487 518
86792 580
86792 587
86853 409
86975 380
86975 508
86975 590
86975 407
87036 365
87097 588
87097 501
87097 584
87158 374
87158 583
87280 499
87280 493
87341 357
87463 346
87463 354
87524 317
87585 488
87585 628
87646 566
87646 576
87646 578
87891 329
87891 569
87891 316
87891 562
88013 625
88013 624
88196 626
88318 527
88501 552
88562 559
88684 523
88806 516
88806 519
88928 448
89172 511
89172 515
89233 517
89233 540
89355 513
89478 507
89722 538
89722 302
89783 502
89844 495
90027 484
90027 608
90149 478
90210 468
90210 488
90210 606
90271 472
90271 485
90271 530
90271 534
90332 469
90393 532
90393 462
90515 465
90515 471
90637 459
90637 458
90698 467
90759 527
90942 600
91003 447
91064 601
91125 596
91187 433
91187 593
91248 592
91309 446
91431 417
91431 589
91736 401
91736 405
91858 587
91919 354
91980 377
91980 575
92102 579
92224 370
92285 626
92346 627
92407 463
92529 563
92529 572
92590 625
92834 624
92957 531
92957 560
93262 32
93262 564
93323 528
93384 622
93445 620
93567 425
93567 523
93689 525
93750 406
93811 516
93872 513
93872 556
93994 615
93994 617
94055 614
94055 383
94116 507
94238 543
94482 506
94482 540
94543 498
94727 504
94727 613
94727 539
94727 542
94849 477
94849 479
94849 493
94849 538
94910 611
95032 472
95093 604
95154 480
95398 467
95398 610
95459 531
95520 473
95520 530
95581 462
95581 598
95703 460
95947 439
96008 436
96313 518
96313 602
96558 589
96558 587
96802 504
96863 398
96985 359
97168 338
97351 495
97473 577
97595 578
97595 626
97656 573
97717 628
97900 576
98084 317
98084 621
98206 622
98267 426
98267 619
98633 548
98633 556
98694 522
98877 508
99426 507
99548 504
99548 616
99609 497
99670 493
99670 500
99854 477
99976 475
99976 478
100098 487
100220 608
100220 610
100220 614
100281 467
100281 472
100525 268
100525 455
100586 594
100647 456
100830 520
100891 447
100891 599
101013 443
101013 600
101135 603
101379 418
101379 421
101868 636
101929 379
102051 586
102112 495
102112 576
102234 344
102417 627
102478 568
102722 287
102966 535
103027 440
103027 621
103088 432
103088 482
103149 623
103271 555
103638 413
103638 556
103638 523
103943 376
104004 618
104187 549
104248 619
104431 617
104553 612
104553 510
105103 609
105103 610
105286 604
105347 469
105347 481
105347 611
105408 351
105469 605
105530 464
105591 462
105652 528
105713 603
105896 456
105957 454
106018 599
106445 606
106445 416
106689 509
106750 403
106750 592
106934 380
106995 596
107239 338
107361 581
107422 576
107483 628
108032 623
108093 531
108154 625
108643 621
108765 619
108887 620
109070 523
109070 517
109131 450
109436 617
109497 615
109558 505
109558 613
109619 614
109680 618
109680 9
109741 510
109863 538
110107 487
110352 494
110352 532
110779 467
110779 529
110901 468
110962 603
111145 604
111267 446
111267 449
111267 598
111572 595
111633 591
111877 599
112183 585
112305 358
112488 582
112488 628
112610 573
112671 625
112732 640
112854 627
113159 569
113525 575
113892 523
114014 556
114075 517
114258 512
114319 518
114563 511
114563 616
114624 551
114746 501
114807 506
114929 481
114929 542
115051 497
115051 615
115112 499
115234 405
115234 498
115295 472
115356 539
115417 476
115540 535
115601 462
115601 470
115845 530
115967 452
116028 465
116028 466
116028 524
116089 446
116211 601
116272 435
116272 605
116272 450
116455 415
116455 448
116638 421
116638 595
116638 438
116699 594
116760 599
116821 400
116943 589
117310 581
117371 579
117493 460
117554 577
117554 585
117737 568
117798 485
117859 628
117859 487
117920 582
117981 578
117981 580
118164 575
118225 445
118225 478
118225 436
118225 571
118347 475
118347 569
118591 567
118652 471
118713 423
118774 561
119019 558
119080 551
119141 523
119141 555
119202 556
119263 521
119385 615
119507 513
119568 510
119629 616
119690 509
119751 611
119812 545
119934 502
119934 504
119934 503
120056 492
120117 483
120178 480
120178 539
120300 474
120361 486
120361 608
120422 489
120483 468
120544 604
120605 609
120666 612
120728 462
120728 464
120850 463
120911 454
120911 599
120972 291
120972 467
121033 457
121094 603
121155 450
121155 455
121277 429
121277 445
121277 525
121460 122
121704 296
121704 403
121826 591
121887 404
121948 402
121948 593
121948 596
122070 374
122070 383
122070 513
122070 582
122131 378
122314 371
122559 498
122681 572
122742 574
122803 576
122803 584
122864 336
122864 448
122986 627
122986 571
123108 570
123108 444
123169 443
123169 485
123291 623
123596 429
123657 528
123657 624
123779 622
123901 468
123901 557
123901 619
124023 521
124268 617
124268 519
124390 366
124390 550
124451 549
124512 512
124512 516
124817 546
124817 88
124817 500
124817 510
124939 431
125122 427
125122 472
125122 490
125244 475
125244 494
125244 489
125244 606
125366 539
125366 403
125488 608
125610 605
125610 465
125610 469
125610 612
125732 462
125732 600
125732 459
125732 467
125732 609
125732 463
125854 604
125977 532
126099 598
126099 448
126099 453
126099 434
126099 447
126099 527
126099 602
126221 432
126221 436
126343 438
126343 441
126343 525
126465 423
126587 419
126587 420
126587 425
126587 431
126709 595
126831 413
126831 401
126831 405
126831 396
126953 388
127075 593
127075 596
127075 387
127075 382
127197 370
127197 381
127197 588
127319 466
127319 579
127441 359
127563 362
127686 581
127686 582
127808 325
127808 573
127930 450
127930 572
127930 451
127930 485
128052 568
128174 577
128418 229
128418 476
128418 569
128784 621
128784 67
128906 567
129028 411
129395 518
129395 558
129395 515
129517 517
129517 547
129517 616
129639 542
129639 614
129761 613
130005 496
130127 502
130127 612
130249 471
130249 475
130371 474
130371 478
130493 464
130493 6
130493 467
130615 472
130615 611
130615 607
130737 457
130737 532
130859 463
130981 439
131226 426
131348 413
131348 424
131348 442
131470 601
131470 409
131470 444
131592 428
131592 429
131592 436
131592 421
131592 423
131592 403
131592 593
131714 384
131714 395
131714 595
131714 408
131836 410
131836 411
131836 407
131836 404
131958 369
131958 391
131958 400
131958 412
131958 414
131958 512
131958 589
131958 591
132080 374
132080 394
132324 592
132324 372
132324 582
132446 354
132446 587
132568 585
132690 331
132690 578
132690 630
132690 337
132935 584
132935 259
133057 575
133179 278
133179 565
133301 443
133423 478
133545 624
133789 471
133789 564
133789 620
133911 465
133911 555
133911 529
134033 618
134155 518
134155 568
134277 549
134277 521
134277 516
134277 550
134399 517
134521 508
134521 541
134521 613
134644 514
134644 616
134644 510
134766 615
134766 430
134888 538
135010 504
135132 608
135254 476
135254 533
135376 495
135376 498
135498 469
135498 486
135498 464
135620 402
135620 471
135620 605
135986 445
135986 458
135986 449
135986 530
136230 455
136230 444
136230 454
136353 443
136353 598
136475 600
136597 419
136719 430
136719 597
136719 593
136719 393
136841 409
136963 406
136963 371
136963 416
137085 590
137085 589
137207 384
137207 395
137207 351
137329 591
137451 369
137573 329
137573 331
137573 575
137573 580
137695 311
137817 494
137939 450
137939 576
137939 583
138062 3
138062 315
138184 578
138672 473
138672 529
138672 557
138672 567
138794 525
138794 565
138916 468
138916 466
138916 549
139038 559
139160 619
139282 616
139404 442
139526 614
139893 610
139893 505
139893 499
139893 502
139893 611
140259 490
140381 612
140625 464
140625 605
140747 599
140747 602
140869 461
140869 603
140869 458
140869 467
140869 470
140869 459
140991 451
140991 530
141113 525
141113 431
141113 450
141113 523
141235 524
141235 437
141235 442
141357 430
141480 445
141602 411
141602 600
141602 423
141724 518
141724 596
141846 395
141846 391
141846 392
141846 401
141968 393
142090 590
142212 591
142334 587
142456 361
142578 495
142578 454
142700 498
142700 586
142822 625
142944 577
143066 567
143066 573
143555 479
143555 435
143555 566
143677 569
143799 520
143799 560
143799 564
143921 465
144043 390
144043 561
144165 346
144287 457
144287 559
144287 613
144409 617
144531 509
144531 514
144531 443
144653 614
144775 507
144897 504
144897 499
145020 218
145020 610
145264 609
145264 475
145386 224
145630 470
145630 460
145630 467
145752 462
145752 450
145752 486
145752 455
145874 603
145996 606
145996 686
145996 453
145996 458
146118 635
146118 440
146118 434
146118 441
146118 596
146240 427
146240 595
146240 432
146362 444
146362 449
146362 429
146362 426
146362 428
146484 421
146484 433
146484 520
146484 597
146484 599
146484 420
146484 419
146606 399
146606 417
146606 517
146729 403
146851 382
146851 392
146973 386
146973 468
146973 587
147095 402
147095 365
147095 584
147095 590
147095 465
147217 375
147217 466
147217 358
147217 507
147461 348
147461 354
147461 588
147461 353
147583 451
148071 566
148193 574
148315 563
148315 568
148438 620
148560 564
148682 351
148682 464
148682 619
148926 565
148926 555
149048 411
149048 462
149048 342
149048 457
149170 554
149170 450
149170 617
149292 514
149414 352
149414 516
149414 612
149658 437
149658 615
149780 429
149780 440
149780 611
150024 428
150024 476
150146 474
150269 467
150269 470
150391 535
150391 490
150513 604
150513 609
150635 463
150635 455
150635 335
150879 448
150879 453
151001 431
151001 601
151123 442
151123 444
151123 524
151245 418
151245 602
151245 596
151245 434
151367 413
151489 412
151489 415
151489 423
151489 406
151611 402
151611 417
151611 597
151611 404
151611 403
151733 394
151733 389
151733 414
151733 410
151855 385
151855 469
151855 393
151855 395
151855 396
151978 378
151978 353
151978 359
151978 586
151978 595
151978 382
151978 392
152100 367
152100 593
152100 348
152100 371
152100 357
152100 360
152100 368
152222 339
152222 343
152222 375
152222 386
152222 461
152222 362
152344 327
152344 342
152466 319
152466 311
152466 584
152588 300
152588 329
152710 325
152832 192
152832 416
152954 244
152954 287
152954 578
153076 579
153076 472
153076 477
153198 478
153198 474
153320 557
153442 568
153564 471
153564 576
153809 458
153809 562
153809 460
153931 561
153931 457
153931 520
154053 454
154175 516
154297 440
154297 549
154419 439
154541 441
154541 663
154541 547
154663 426
154785 610
154907 499
155029 476
155029 605
155273 467
155518 456
155518 603
155640 461
155640 604
155762 433
155762 446
155762 451
155884 602
155884 608
155884 437
155884 442
156006 429
156006 425
156128 428
156128 424
156250 421
156250 430
156250 434
156250 436
156250 360
156372 402
156372 422
156372 599
156372 416
156372 420
156494 399
156494 411
156494 593
156494 601
156494 404
156616 594
156616 387
156616 403
156616 413
156616 377
156616 382
156616 383
156616 405
156738 376
156738 393
156738 591
156738 350
156738 371
156860 373
156860 374
156860 596
156860 347
156860 375
156860 378
156982 463
156982 509
156982 392
156982 366
157104 368
157104 585
157227 328
157227 344
157227 497
157349 318
157349 338
157471 310
157471 324
157471 326
157471 299
157593 297
157593 264
157593 571
157593 572
157715 261
157715 480
157715 266
157715 477
157715 576
157959 566
158081 567
158203 384
158325 624
158325 618
158447 553
158447 391
158569 466
158569 555
158691 552
158936 615
158936 463
159058 616
159058 446
159180 549
159180 547
159302 241
159424 440
159424 508
159424 514
159546 511
159546 611
159546 608
159668 537
159668 545
159790 422
159790 495
159912 528
160034 314
160034 420
160156 411
160156 601
160156 490
160156 529
160156 457
160156 604
160400 454
160400 606
160522 455
160645 456
160645 451
160767 442
160767 607
160767 385
160767 436
160889 431
160889 432
160889 430
160889 438
161011 429
161011 427
161011 405
161133 366
161133 426
161133 425
161133 474
161133 522
161133 424
161255 407
161255 401
161377 397
161377 415
161377 517
161377 417
161377 394
161499 393
161499 396
161499 383
161499 384
161499 403
161499 404
161499 592
161621 406
161621 593
161621 365
161621 374
161621 400
161743 339
161743 378
161743 398
161743 584
161743 369
161743 371
161743 386
161743 350
161743 375
161743 395
161865 351
161865 355
161865 506
161865 372
161987 333
161987 338
161987 590
161987 630
161987 317
161987 347
162109 450
162231 306
162231 312
162231 449
162231 586
162476 308
162598 579
162720 574
162964 577
162964 620
163086 558
163208 464
163208 553
163208 560
163208 467
163452 561
163574 521
163696 514
163696 556
163818 453
163818 614
163940 542
163940 252
164185 440
164307 435
164551 428
164551 613
164551 547
164551 612
164795 498
165039 608
165161 397
165161 462
165283 447
165283 439
165283 604
165283 606
165283 605
165405 372
165405 442
165405 452
165405 603
165527 441
165527 368
165527 482
165527 440
165649 436
165649 427
165649 424
165771 422
165894 429
165894 419
165894 425
165894 418
166016 421
166016 517
166016 411
166016 519
166138 404
166138 426
166138 518
166138 391
166138 405
166138 406
166382 379
166382 400
166382 355
166382 390
166382 598
166382 383
166382 410
166382 594
166504 384
166504 394
166504 595
166504 357
166504 360
166504 378
166504 386
166504 586
166504 591
166626 352
166626 362
166626 583
166626 590
166626 359
166626 363
166748 343
166748 371
166748 380
166748 354
166748 365
166870 454
166870 364
166870 457
166870 321
166870 332
166870 385
166992 322
167114 297
167114 320
167236 312
167236 573
167358 585
167480 193
167603 275
167603 587
167725 393
167725 467
167725 572
167725 477
167847 569
168091 465
168091 621
168335 456
168335 521
168457 453
168457 448
168579 284
168579 287
168701 512
168701 551
168823 444
168823 612
168823 401
168823 445
168823 514
168945 546
169067 174
169067 438
169189 53
169189 431
169189 538
169312 423
169434 428
169556 469
169556 493
169556 610
169678 529
169922 607
169922 490
169922 601
170044 281
170044 605
170166 435
170288 442
170410 381
170410 382
170410 433
170410 449
170410 422
170410 600
170410 602
170654 421
170654 594
170654 479
170898 397
170898 414
171020 396
171020 399
171020 407
171020 415
171020 416
171020 393
171143 379
171143 400
171143 463
171143 592
171143 404
171265 593
171265 595
171265 368
171265 389
171265 390
171265 392
171387 360
171387 367
171387 373
171509 356
171509 365
171509 371
171509 357
171509 380
171631 583
171631 340
171631 341
171631 345
171631 369
171753 358
171753 330
171753 354
171753 306
171753 311
171753 343
171753 425
171875 298
171875 324
171875 325
171875 326
171875 300
171875 329
171997 316
171997 313
171997 582
171997 580
172119 272
172119 302
172241 252
172363 205
172363 263
172363 575
172363 394
172363 487
172485 477
172485 574
172607 473
172852 557
172852 370
172852 327
172852 570
172974 251
172974 465
173096 558
173096 455
173218 522
173218 549
173218 564
173218 616
173340 452
173340 547
173462 258
173706 445
173706 612
173828 614
173950 541
173950 613
174072 511
174072 259
174072 118
174072 608
174438 404
174438 416
174438 470
174561 421
174561 346
174561 607
174927 490
174927 447
174927 528
175049 604
175049 599
175049 448
175171 602
175171 438
175171 439
175171 429
175293 601
175293 433
175293 443
175293 427
175415 430
175415 432
175537 422
175659 415
175659 413
175659 426
175781 388
175781 397
175781 402
175781 410
175781 407
175781 384
175903 405
175903 400
176025 372
176025 387
176025 393
176147 375
176147 370
176147 378
176147 381
176147 385
176147 386
176147 390
176147 595
176270 359
176270 455
176392 377
176392 503
176392 342
176392 582
176514 348
176514 592
176514 354
176514 579
176514 498
176514 588
176636 358
176636 337
176758 321
176758 287
176880 623
176880 279
176880 293
177002 301
177002 304
177124 264
177124 482
177246 399
177246 476
177246 578
177246 117
177246 570
177368 404
177368 144
177490 566
177612 478
177612 619
177612 462
177734 341
177734 466
177856 467
177979 560
177979 355
177979 565
178101 458
178101 250
178223 447
178223 564
178223 303
178223 615
178345 276
178345 552
178467 193
178467 444
178467 445
178589 435
178833 429
178955 419
179077 501
179077 542
179321 412
179321 603
179443 460
179443 461
179443 403
179565 605
179565 446
179565 450
179810 599
179810 600
179810 456
179932 601
179932 442
180054 440
180054 430
180176 437
180176 424
180176 431
180176 522
180176 364
180176 420
180176 602
180298 422
180298 423
180298 435
180298 427
180420 417
180420 410
180420 416
180420 593
180542 400
180542 520
180542 397
180664 378
180664 409
180664 411
180664 389
180664 396
180664 401
180786 387
180786 384
180908 586
180908 380
180908 382
180908 377
181030 375
181030 360
181030 370
181030 385
181030 390
181030 584
181030 592
181030 356
181152 361
181152 340
181152 582
181152 587
181274 352
181274 327
181274 350
181274 362
181396 336
181519 348
181641 453
181641 295
181641 297
181885 418
181885 413
181885 439
181885 573
181885 577
182129 479
182251 474
182373 569
182617 465
182617 371
182739 459
183228 273
183228 438
183472 436
183594 539
183594 505
183838 423
183960 498
183960 411
183960 494
184082 409
184082 490
184204 487
184204 397
184204 402
184448 482
184570 457
184570 430
184692 604
184692 431
184692 600
184814 425
184814 429
184937 438
185059 419
185059 593
185059 58
185059 404
185181 401
185303 421
185303 415
185425 590
185425 594
185425 377
185425 410
185547 403
185547 393
185547 396
185547 399
185669 591
185791 357
185791 378
185791 369
185791 387
185913 365
185913 367
185913 380
185913 362
186035 363
186035 371
186035 343
186035 348
186157 344
186157 353
186157 338
186157 337
186279 319
186279 418
186401 313
186523 412
186523 272
186523 285
186646 304
186768 279
186768 284
186768 467
186768 581
186768 244
186768 382
187012 567
187012 615
187134 557
187256 469
187256 370
187256 573
187378 266
187378 297
187378 457
187500 271
187500 614
187622 328
187622 231
187744 263
187744 287
187744 409
187744 453
187988 440
188110 211
188110 437
188110 431
188232 223
188354 540
188477 504
188599 420
188721 497
188721 607
188721 275
188721 419
188843 609
188843 406
188843 532
188965 234
188965 461
188965 405
188965 604
189209 459
189331 400
189331 434
189331 457
189331 600
189453 447
189575 425
189575 436
189697 524
189819 428
189819 421
189941 424
189941 437
189941 390
189941 414
189941 469
190063 426
190186 416
190186 399
190308 511
190308 356
190308 369
190308 389
190430 375
190430 589
190430 407
190430 360
190430 374
190552 371
190552 463
190552 362
190552 364
190552 398
190674 373
190796 352
190796 348
190796 359
190918 492
190918 333
191162 581
191162 323
191162 420
191284 328
191284 574
191284 580
191284 280
191406 577
191406 578
191528 281
191528 303
191528 276
191650 320
191650 573
191650 301
191650 378
191772 571
191772 615
191772 189
191772 304
191895 647
192139 314
192261 455
192383 324
192383 563
192627 330
192627 540
192749 412
192749 555
192749 288
192749 282
192749 559
192871 437
193237 431
193359 646
193481 500
193481 607
193848 461
193848 527
193848 402
194092 453
194092 482
194092 396
194214 448
194214 525
194458 410
194580 418
194580 473
194580 413
194580 428
194702 429
194702 517
194702 602
194702 515
194702 597
194824 415
194824 416
194946 394
194946 464
195068 384
195068 386
195068 392
195068 586
195190 374
195190 581
195190 375
195190 379
195312 358
195435 590
195435 368
195435 377
195435 579
195557 354
195557 582
195557 353
195679 350
195679 364
195679 426
195679 344
195801 349
195801 444
195923 321
196045 474
196167 337
196167 352
196289 226
196289 267
196411 239
196411 223
196533 311
196533 467
196533 470
196533 564
196533 571
196533 563
196655 468
196777 351
197021 316
197021 456
197144 305
197266 510
197266 610
197388 440
197388 449
197510 434
197510 608
197632 436
197632 545
197754 75
197876 506
197876 544
198120 536
198120 302
198120 426
198120 423
198242 499
198364 496
198364 606
198364 531
198486 407
198608 461
198975 437
198975 596
198975 430
199219 368
199219 600
199341 424
199341 599
199463 416
199463 420
199585 393
199585 399
199585 412
199585 415
199707 414
199707 385
199707 404
199829 513
199829 372
199829 394
199951 365
199951 376
199951 380
199951 396
199951 377
200073 388
200073 352
200073 364
200073 378
200073 592
200195 355
200195 361
200317 343
200317 358
200317 421
200439 351
200439 576
200439 575
200439 338
200562 314
200562 494
200562 327
200684 276
200684 577
200684 320
200806 333
200928 291
201050 227
201050 309
201294 326
201294 317
201538 357
201538 288
201660 542
201782 409
202148 544
202148 607
202393 267
202393 502
202515 86
202515 504
202515 509
202515 498
202637 537
202637 418
202637 427
202637 610
202881 606
202881 467
203003 604
203125 399
203125 460
203125 605
203247 398
203247 387
203369 452
203369 462
203491 395
203491 524
203613 439
203613 440
203613 435
203613 603
203613 424
203613 597
203735 434
203857 596
204102 406
204224 411
204224 417
204224 407
204224 415
204224 468
204346 402
204346 593
204346 394
204468 377
204468 372
204468 380
204468 386
204590 385
204712 373
204712 588
204834 222
204834 358
205078 350
205078 580
205200 579
205200 329
205200 426
205200 315
205322 332
205322 305
205322 335
205322 567
205444 297
205566 308
205566 575
205566 201
205566 241
205688 247
205811 207
205933 54
205933 571
205933 212
205933 574
206055 326
206055 264
206177 337
206299 449
206421 283
206421 227
206543 563
206665 450
206909 445
207031 198
207153 548
207153 414
207275 468
207520 423
207642 605
207764 603
207886 405
208008 250
208130 597
208130 382
208130 383
208252 435
208252 446
208252 433
208374 684
208618 593
208862 404
208862 596
208984 374
208984 393
209106 586
209106 387
209106 391
209351 389
209351 367
209351 368
209351 354
209473 363
209473 592
209473 360
209473 361
209595 572
209595 585
209595 380
209595 428
209717 352
209717 421
209839 310
209839 339
209839 417
209961 581
209961 574
209961 315
209961 413
210205 261
210205 286
210327 480
210327 328
210327 400
210449 271
210449 376
210449 471
210449 217
210449 227
210693 297
210693 281
210693 305
210693 342
210815 275
210938 296
210938 458
211060 312
211182 454
211182 609
211182 321
211182 345
211426 450
211548 550
211670 402
211670 438
211792 542
212280 411
212280 492
212402 415
212402 486
212524 483
212524 598
212646 282
212646 249
212891 384
212891 452
212891 601
213013 445
213135 364
213257 367
213257 421
213501 400
213623 385
213623 414
213623 393
213745 380
213745 394
213745 405
213745 408
213745 368
213745 512
213867 386
213867 374
213867 391
213989 371
213989 376
213989 381
213989 366
213989 369
214111 356
214111 373
214111 362
214111 583
214233 350
214233 357
214233 382
214233 352
214233 584
214478 353
214478 348
214478 341
214600 326
214600 329
214600 419
214722 317
214722 313
214722 363
214722 574
214844 244
214844 270
214844 392
214966 232
214966 269
214966 262
215088 315
215088 563
215210 310
215210 321
215210 327
215332 8
215332 429
215332 461
215332 462
215454 355
215576 545
215576 272
215820 258
215820 316
216064 443
216064 546
216064 516
216064 432
216064 544
216309 219
216309 547
216309 428
216553 502
216675 539
216797 499
216797 457
216919 293
216919 533
216919 402
217163 409
217407 393
217407 522
217407 595
217529 380
217529 427
217529 441
217651 600
217773 435
217896 420
217896 418
218140 384
218262 371
218262 399
218262 589
218262 382
218262 586
218384 392
218384 394
218506 505
218506 510
218506 374
218628 366
218628 377
218750 359
218750 364
218750 368
218750 367
218872 365
218872 362
218872 577
218994 335
218994 352
218994 345
218994 446
219116 261
219116 574
219116 322
219116 338
219116 344
219116 410
219238 484
219238 314
219238 579
219238 226
219360 575
219360 243
219360 570
219604 301
219727 342
219727 311
219971 466
219971 319
220093 302
220093 563
220215 16
220215 348
220337 259
220337 556
220337 562
220337 412
220337 452
220459 250
220459 504
220581 402
220703 510
220703 444
220825 438
220825 606
221191 535
221436 331
221436 604
221680 485
221680 528
221802 455
221924 448
221924 481
222046 389
222046 434
222168 437
222290 435
222412 439
222656 405
222656 422
222900 393
222900 397
222900 459
222900 590
223022 377
223022 379
223022 387
223022 587
223145 369
223267 359
223267 385
223267 358
223511 336
223511 360
223511 363
223511 584
223633 365
223633 333
223755 337
223755 343
223877 564
223999 237
223999 279
223999 313
223999 308
223999 312
223999 349
224121 305
224121 276
224121 288
224121 258
224243 232
224243 160
224487 560
224487 241
224487 326
224487 361
224487 368
224487 322
224487 356
224487 460
224609 299
224609 304
224731 192
224731 562
224976 224
224976 264
225098 607
225342 439
225342 606
225342 370
225342 541
225464 231
225464 246
225464 433
225464 436
225708 604
225708 605
225830 328
225830 498
225830 403
225952 413
226074 600
226196 402
226318 458
226440 444
226440 393
226440 451
226685 381
226807 601
226929 427
226929 430
227051 431
227051 415
227173 418
227295 594
227295 406
227417 385
227539 386
227661 400
227783 367
227783 272
227905 338
227905 365
227905 370
227905 578
227905 347
228027 423
228027 334
228027 342
228027 336
228149 335
228149 341
228271 340
228271 296
228394 314
228394 326
228516 267
228516 408
228516 576
228638 289
228638 305
228638 404
228638 579
228638 294
228760 344
228760 348
228760 398
228760 258
228882 156
228882 281
229004 322
229004 561
229004 224
229004 307
229126 264
229248 250
229248 290
229614 268
229614 440
229614 544
229736 244
229736 212
229980 136
230347 602
230469 501
230591 414
230713 598
230835 416
230835 487
230835 401
230835 451
230957 524
231201 391
231323 590
231567 371
231567 422
231812 392
231934 386
231934 589
232056 372
232056 404
232056 578
232178 459
232178 370
232178 390
232178 505
232300 362
232300 363
232300 375
232300 502
232300 369
232422 361
232422 360
232422 350
232422 573
232544 352
232544 359
232666 343
232788 319
232788 341
232788 354
232788 322
232910 317
232910 579
232910 437
233032 349
233032 411
233032 577
233154 215
233276 403
233276 244
233276 379
233398 337
233398 563
233398 572
233520 97
233643 281
233643 313
233765 542
234009 558
234009 323
234009 405
234009 513
234131 335
234131 543
234375 282
234375 553
234497 509
234863 534
234863 336
234985 326
235230 321
235352 453
235596 443
235596 446
235718 378
235718 424
235840 115
235840 434
235840 596
236084 414
236206 591
236450 409
236572 501
236694 382
236694 383
236694 384
236694 366
236816 364
236816 386
236816 392
236938 360
236938 354
236938 369
237061 348
237183 350
237183 341
237183 355
237183 342
237183 413
237305 488
237305 573
237427 406
237427 491
237549 261
237549 305
237549 232
237549 310
237549 400
237671 558
237915 223
237915 570
237915 612
238037 423
238037 563
238159 373
238281 306
238403 269
238403 332
238403 448
238403 231
238403 271
238403 290
238403 337
238525 280
238525 450
238525 352
238647 440
238770 121
238770 538
239136 214
239136 421
239136 425
239502 601
239624 391
239624 410
239746 603
239746 289
239990 454
240112 517
240234 422
240234 448
240234 519
240234 595
240723 402
240845 412
240967 395
241089 375
241089 383
241089 584
241211 379
241211 381
241211 367
241211 385
241333 360
241333 363
241577 357
241577 346
241699 581
241699 573
241821 406
241821 334
241943 310
241943 325
241943 283
241943 297
241943 327
241943 309
241943 318
242065 262
242188 355
242188 257
242310 256
242310 301
242310 197
242310 248
242310 254
242310 569
242432 326
242432 336
242432 344
242554 358
242676 271
242676 372
242676 549
242676 287
242676 305
242676 562
242798 282
242798 320
242798 339
242798 265
242798 308
242920 328
243042 220
243042 607
243042 275
243042 302
243164 556
243164 236
243286 437
243286 446
243530 604
243652 421
243774 195
243774 600
244263 399
244263 482
244263 398
244507 452
244507 444
244629 440
244629 424
244629 520
244751 426
244873 587
244995 413
244995 362
244995 420
244995 435
245117 366
245239 590
245239 419
245361 392
245483 369
245483 386
245483 400
245605 371
245605 384
245605 582
245605 589
245728 378
245728 583
245850 363
245850 385
245972 360
245972 356
245972 367
245972 422
246094 340
246094 576
246094 316
246094 348
246216 323
246216 314
246216 327
246216 415
246338 575
246338 98
246338 294
246460 383
246460 473
246460 577
246460 255
246460 403
246582 376
246582 269
246704 273
246704 571
246704 227
246826 332
246826 372
246826 313
246948 368
247070 310
247192 292
247192 278
247314 451
247314 225
247314 266
247437 254
247437 443
247559 398
247559 442
247803 242
248169 218
248291 598
248413 350
248413 116
248413 533
248535 306
248535 328
248901 427
249146 424
249146 434
249268 430
249268 438
249268 445
249634 382
249634 406
249634 591
249878 413
250000 584
250000 376
250000 378
250000 583
250244 454
250244 363
250244 377
250244 453
250244 375
250244 388
250244 357
250488 344
250488 323
250488 362
250732 317
250732 347
250732 309
250732 326
250977 280
250977 252
250977 258
250977 287
250977 294
250977 308
251221 568
251221 263
251221 319
251221 348
251221 395
251221 381
251221 300
251465 211
251465 324
251465 334
251465 307
251465 332
251465 373
251465 328
251465 205
251465 312
251709 337
251709 365
251709 301
251709 453
251709 455
251709 250
251709 270
251953 447
251953 182
251953 234
252197 233
252197 606
252197 497
252197 429
252686 549
252686 682
252930 417
252930 541
252930 599
253174 592
253418 387
253662 597
253906 510
253906 419
253906 418
253906 410
254150 406
254150 586
254150 390
254150 504
254395 366
254395 384
254395 381
254395 401
254395 370
254395 371
254639 377
254639 502
254639 423
254639 356
254883 350
254883 364
254883 360
254883 347
255127 576
255127 310
255127 409
255127 333
255371 269
255371 292
255615 223
255615 280
255615 245
255615 566
255615 386
255859 369
255859 379
255859 305
256104 285
256104 279
256348 255
256348 316
256348 557
256592 431
256592 428
256592 435
256592 549
256836 538
256836 536
257080 602
257324 413
257324 526
257324 455
257324 532
257568 134
257568 516
257568 297
257812 393
257812 437
257812 378
257812 515
258057 423
258057 646
258301 366
258301 412
258545 414
258545 405
258545 389
258545 585
258789 587
258789 382
258789 360
258789 388
259033 379
259033 498
259033 579
259033 582
259277 340
259277 345
259277 355
259277 344
259521 572
259521 567
259521 577
259521 321
259521 338
259521 575
259521 327
259521 486
259766 296
259766 269
259766 409
259766 573
260010 283
260010 223
260010 396
260254 309
260254 416
260498 555
260498 308
260498 333
260498 557
260498 266
260498 655
260498 559
260742 267
260742 305
260986 264
260986 433
260986 434
260986 606
260986 436
260986 399
260986 508
261230 600
261475 424
261475 351
261719 414
261963 455
261963 446
261963 451
261963 449
261963 594
261963 596
262207 392
262207 425
262207 179
262207 202
262207 639
262451 427
262451 589
262451 591
262451 516
262695 593
262695 418
262695 433
262695 412
262939 390
262939 410
262939 590
263184 378
263184 379
263184 37
263184 365
263428 374
263428 579
263428 581
263428 363
263428 380
263428 391
263672 362
263672 347
263672 360
263672 373
263916 19
263916 348
263916 327
264160 278
264160 288
264160 300
264404 237
264404 401
264404 244
264648 219
264648 565
264648 557
264648 302
264893 356
264893 307
264893 551
264893 290
265137 555
265381 446
265381 603
265625 537
265625 393
265625 503
265625 535
265869 427
265869 495
265869 418
266113 415
266113 597
266357 491
266357 534
266602 301
266602 389
266602 234
266846 593
266846 336
266846 444
266846 592
267090 509
267334 399
267578 410
267578 586
267578 401
267578 384
267822 386
267822 578
267822 380
267822 363
268066 360
268066 576
268066 357
268066 419
268066 414
268066 572
268066 346
268311 490
268311 315
268311 318
268311 324
268311 339
268311 467
268311 573
268311 305
268555 280
268555 562
268799 261
268799 559
269043 359
269043 117
269043 322
269287 344
269287 353
269287 274
269287 295
269531 225
269531 441
269531 269
269531 253
269531 282
269531 545
269775 436
270020 535
270020 502
270020 533
270264 532
270264 536
270264 343
270508 600
270508 397
270752 451
270752 456
270752 596
270752 476
270996 594
270996 475
270996 591
271240 427
271240 434
271728 391
271728 392
271728 393
271728 585
271973 403
271973 386
271973 582
271973 458
272217 364
272217 583
272217 580
272217 360
272461 348
272461 359
272461 362
272461 352
272705 350
272705 576
272705 333
272705 413
272949 578
272949 411
272949 564
272949 314
272949 570
273193 232
273193 259
273193 426
273193 467
273438 607
273438 296
273438 375
273438 324
273438 301
273438 310
273682 316
273682 363
273682 557
273682 279
273682 278
273926 247
273926 446
273926 548
273926 433
274170 221
274170 399
274170 541
274170 430
274170 432
274414 264
274658 542
274902 600
275146 591
275146 596
275146 388
275391 471
275391 445
275391 383
275391 595
275635 422
275879 435
275879 414
276367 385
276367 373
276367 575
276611 581
276611 370
276611 359
276611 365
276611 372
276855 579
276855 364
276855 571
277100 481
277100 318
277344 247
277344 297
277344 316
277344 323
277344 561
277344 562
277344 467
277344 251
277588 389
277588 391
277588 356
277588 195
277588 355
277588 26
277588 609
277832 295
277832 453
277832 275
277832 331
277832 337
277832 567
278076 456
278076 248
278076 558
278076 267
278076 324
278076 554
278320 235
278320 268
278320 437
278564 199
278564 433
278809 506
278809 604
278809 428
278809 360
279053 533
279053 532
279297 523
279297 405
279541 398
279541 520
279785 438
279785 440
280029 427
280029 420
280029 589
280273 415
280273 343
280273 406
280273 416
280518 401
280518 396
280518 402
280518 410
280518 385
280518 395
280762 586
280762 391
280762 583
280762 378
281006 362
281006 365
281006 355
281006 357
281006 577
281250 413
281250 441
281494 329
281494 351
281494 575
281738 572
281738 568
281982 263
281982 390
281982 255
281982 320
282227 326
282227 360
282227 560
282227 288
282471 341
282471 548
282471 292
282471 554
282471 265
282471 549
282715 430
282715 606
282959 432
283203 545
283203 546
283203 209
283203 496
283447 412
283447 597
283691 596
283691 276
283936 453
283936 594
283936 438
283936 593
284180 425
284180 444
284180 588
284424 433
284424 586
284424 585
284424 589
284424 410
284668 411
284668 500
284668 503
284912 398
284912 403
284912 384
285156 576
285400 366
285400 493
285400 577
285400 344
285645 569
285645 308
285645 414
285889 313
285889 315
285889 324
285889 304
285889 307
285889 322
286133 399
286133 392
286133 266
286133 563
286133 560
286377 220
286377 570
286377 557
286377 217
286621 352
286621 451
286621 605
286865 300
286865 335
287109 408
287109 188
287109 215
287109 556
287109 245
287354 213
287354 532
287354 499
287598 601
287598 376
287842 402
287842 303
287842 411
288330 442
288330 443
288330 232
288574 26
288574 433
288818 419
288818 465
288818 404
289062 414
289062 421
289062 579
289062 584
289062 387
289062 407
289307 385
289551 378
289551 454
289551 365
289551 497
289795 448
289795 347
289795 360
290039 53
290039 336
290039 481
290039 565
290283 345
290283 328
290283 405
290283 312
290283 389
290283 571
290527 299
290527 289
290527 456
290527 367
290772 309
290772 361
290772 370
291016 538
291016 560
291016 611
291016 302
291016 553
291016 547
291016 557
291260 261
291260 323
291260 317
291260 284
291260 438
291504 164
291504 264
291504 535
291504 429
291504 495
291748 217
291748 239
291748 501
291992 524
292480 486
292480 402
292480 445
292480 592
292725 277
292725 447
292725 589
292969 593
293457 411
293457 280
293701 407
293701 579
293701 389
293945 378
293945 384
293945 351
293945 356
293945 373
293945 371
294189 358
294189 365
294189 359
294189 567
294434 433
294434 279
294678 285
294678 409
294678 266
294678 299
294678 465
294922 463
294922 381
295166 559
295166 563
295410 313
295654 250
295654 437
295654 262
295654 253
295898 431
296143 537
296143 419
296387 494
296387 457
296387 414
296631 534
296631 522
296875 391
296875 476
297119 592
297119 593
297119 589
297363 424
297363 415
297607 411
297607 585
297607 580
297852 507
298096 583
298096 377
298340 579
298340 363
298340 413
298340 387
298340 341
298584 370
298584 418
298584 576
298584 578
298828 487
298828 572
298828 335
298828 326
299072 256
299072 475
299072 561
299072 218
299316 287
299316 245
299316 249
299316 203
299316 459
299316 464
299316 376
299561 457
299561 303
299561 282
299561 339
299561 410
299805 352
300049 432
300049 508
300049 548
300049 305
300049 541
300293 547
300537 425
300537 429
300537 530
300781 520
301025 595
301270 442
301514 517
301758 419
302002 590
302246 399
302490 349
302490 353
302734 361
302734 358
302734 362
302734 341
302978 304
302978 326
303223 572
303223 340
303223 278
303467 245
303467 251
303467 214
303467 370
303711 557
303711 565
303711 458
303711 564
303955 566
303955 355
303955 372
303955 303
304199 507
304443 297
304688 387
304688 427
304932 597
304932 495
305176 535
305176 594
305420 393
305664 443
305908 436
305908 588
305908 590
305908 377
306396 581
306396 397
306396 400
306641 395
306641 450
306885 356
306885 388
306885 577
306885 375
306885 344
307129 442
307129 567
307129 565
307129 568
307129 350
307373 307
307373 314
307373 338
307861 458
308105 238
308105 371
308105 377
308105 290
308594 268
308594 599
308594 602
308594 288
308594 441
308594 527
308594 604
308838 553
308838 429
308838 201
309082 177
309082 217
309326 416
309570 415
309570 450
309570 298
309814 523
309814 448
310303 356
310303 510
310303 425
310303 589
310547 406
311035 585
311035 361
311035 573
311279 363
311279 352
311279 580
311279 697
311523 574
311523 567
311768 320
311768 329
311768 325
311768 561
311768 286
311768 311
311768 295
311768 393
311768 400
312012 292
312012 568
312012 259
312012 396
312012 256
312256 558
312256 553
312256 560
312256 562
312256 241
312256 461
312744 556
312744 599
312988 499
312988 538
313232 428
313232 494
313232 498
313232 541
313232 373
313477 420
313477 185
313965 376
314209 478
314209 516
314209 423
314209 433
314453 437
314453 591
314697 413
314697 353
315186 379
315674 307
315674 324
315918 314
315918 274
315918 567
316162 310
316162 407
316162 477
316162 278
316162 222
316406 221
316650 365
316650 555
316895 450
316895 545
316895 353
317139 598
317139 434
317139 192
317139 549
317383 292
317383 241
317627 376
317627 529
317871 168
318115 519
318359 589
318604 99
318604 431
318848 424
318848 426
318848 418
319336 383
319580 570
319824 339
319824 575
319824 635
320068 319
320068 311
320068 340
320068 482
320312 291
320312 312
320312 567
320312 282
320312 562
320312 396
320312 563
320312 280
320312 285
320312 295
320557 267
320557 270
320557 380
320801 367
320801 554
321045 343
321289 329
321289 677
321533 544
321777 425
322266 588
322754 152
322754 415
322998 584
322998 413
323242 416
323486 576
323730 360
323730 577
323730 372
323975 345
323975 575
323975 332
323975 443
324219 339
324219 305
324219 314
324219 250
324219 571
324463 272
324463 411
324463 558
324707 188
324707 198
324707 567
324707 458
324951 454
324951 550
324951 560
324951 59
325195 361
325195 238
325439 333
325439 438
325439 351
325439 304
325684 298
325684 539
325928 386
325928 535
325928 533
326660 447
326660 481
326904 366
327148 417
327393 418
327393 585
327393 407
327637 398
327881 50
328369 323
328369 473
328369 302
328613 306
328613 299
328613 474
328613 475
328613 270
328613 280
328613 568
328613 571
328613 563
328613 406
328613 567
328857 470
328857 403
328857 295
328857 275
328857 227
329102 454
329102 372
329590 296
329834 397
329834 316
329834 13
330078 526
330078 243
330078 292
330078 163
330322 458
330322 593
330322 674
331055 592
331299 585
331543 414
331787 61
331787 421
331787 580
332031 393
332031 451
332520 409
332764 217
333252 264
333252 376
333252 389
333252 560
333252 452
333740 329
333984 435
334717 589
335205 440
335449 584
335693 170
335693 410
335938 336
336182 575
336182 351
336426 572
336426 566
336670 568
336914 310
336914 283
337158 307
337158 211
337158 269
337158 395
337402 265
337402 386
337646 552
337891 444
337891 599
338135 325
338135 538
338135 597
338379 531
338379 596
338867 76
338867 528
339111 450
339355 507
339600 423
339600 424
339844 417
340088 575
340088 578
340088 576
340332 308
340576 485
340820 365
340820 335
341064 560
341064 564
341309 271
341309 399
341553 544
341797 446
342041 444
342285 207
342529 542
342529 594
343262 128
343506 588
343750 354
343750 416
343750 417
343750 578
343994 580
344238 320
344238 380
344482 572
344727 369
344727 375
344727 573
344971 355
344971 281
344971 311
345215 427
345215 554
345703 553
345703 673
345947 547
346191 271
346436 524
346436 592
346680 221
346680 540
346924 591
346924 474
347168 450
347412 226
347900 433
347900 414
348145 578
348633 572
348877 441
349121 569
349121 435
349365 399
349609 455
349609 453
349854 362
350098 350
350098 548
350342 550
350830 484
351318 449
351562 588
351562 590
351807 442
351807 445
351807 431
351807 580
352051 419
352051 429
352051 430
352051 412
352295 424
352295 576
352295 577
352539 407
352539 386
353027 373
353027 439
353027 475
353272 329
353760 554
354248 541
354248 534
354492 593
354736 269
354736 524
354980 420
355225 588
355713 442
355713 464
355713 582
356201 418
356201 576
356445 572
356689 568
356689 571
356934 485
356934 364
356934 369
356934 482
357178 439
357422 209
357666 308
358154 382
358154 366
358643 497
358643 527
358643 419
358887 423
358887 534
358887 520
359131 528
359131 411
359131 588
359619 449
359619 579
359619 584
359863 352
359863 575
360107 493
360107 578
360352 570
360596 572
360840 573
361084 562
361084 566
361084 364
361084 431
361084 563
361328 432
361816 671
361816 551
361816 375
361816 404
362061 544
362061 235
362061 198
362305 444
362305 540
362305 546
362549 591
362549 535
362793 491
362793 536
362793 588
362793 425
363037 485
363037 539
363770 582
364014 573
364014 580
364014 502
364502 568
364502 393
364502 397
364746 571
364746 560
364746 492
364990 377
364990 400
365234 567
365234 555
365478 548
365723 413
365967 550
365967 181
365967 497
366211 545
366455 544
366455 526
366699 495
366699 535
366943 294
366943 483
366943 591
367432 506
367432 583
367432 468
368164 578
368408 575
368896 391
368896 381
368896 482
369141 566
369141 565
369141 562
369385 352
369385 480
369385 476
369385 551
369385 563
369629 554
369629 537
369629 236
369873 557
369873 549
370361 544
370605 494
370850 428
371338 402
371582 462
371826 505
371826 371
371826 578
372070 575
372070 572
372070 580
372314 570
372559 489
372559 569
372559 567
372559 568
372803 564
372803 563
373047 349
373047 481
373291 434
373291 552
373291 555
373535 557
373535 558
373535 310
373779 594
374023 163
374268 543
374268 546
374268 537
374756 520
374756 526
374756 521
374756 486
374756 591
375244 582
375244 580
375488 512
375488 457
375732 576
375732 461
376221 434
376221 577
376465 615
376709 102
376953 487
376953 562
376953 570
376953 564
377686 552
378174 544
378174 531
378418 521
378418 539
378662 538
378662 519
378906 485
378906 514
379150 517
379395 471
379395 467
379395 120
379395 509
379395 579
379639 574
379639 463
379883 571
379883 577
379883 573
380127 570
380127 496
380371 25
380371 565
380859 569
381104 557
381104 548
381348 556
381592 464
381592 547
381836 552
381836 530
382080 549
382080 546
382080 537
382080 533
382324 531
382812 516
382812 479
382812 481
383057 578
383057 461
383057 518
383301 470
383789 501
383789 569
384033 572
384277 566
384277 429
384277 410
384277 571
384522 485
384522 561
384766 562
384766 565
384766 480
384766 560
385010 564
385254 556
385254 553
385498 541
385498 545
385986 532
385986 495
386230 531
386230 533
386230 538
386475 484
386475 528
386719 482
386963 473
386963 509
386963 507
387207 466
387695 32
387695 503
387939 497
387939 567
387939 492
387939 568
388184 486
388184 563
388184 485
388428 560
388672 110
388672 556
388916 561
388916 548
388916 553
389160 554
389160 470
389160 544
389648 249
389648 133
390137 109
390137 536
390137 496
390137 490
390381 525
390381 480
390381 576
390381 484
390625 485
391113 465
391113 505
391113 570
391357 466
391602 567
391846 563
391846 564
391846 566
392090 557
392090 565
392578 558
392578 482
392578 473
392822 600
392822 553
393066 546
393066 550
393066 542
393066 548
393311 295
393555 529
393555 539
393799 524
394043 528
394775 573
394775 513
394775 569
394775 570
395020 463
395264 566
395508 428
395508 562
395508 425
395752 115
395996 483
395996 554
396240 548
396484 342
396484 471
396484 552
396973 541
396973 306
396973 534
397461 214
397461 533
397461 532
397461 527
397705 531
397705 517
397949 526
397949 509
398193 474
398193 476
398193 570
398193 512
398682 458
398682 565
398682 568
398926 569
399170 486
399170 449
399414 555
399414 556
399414 557
399658 551
399658 554
400146 544
400391 539
400391 543
400391 545
400391 537
400635 538
400879 528
400879 535
400879 529
400879 530
401123 524
401123 525
401367 516
401367 519
401367 511
401855 473
402100 563
402344 567
402344 449
402588 561
402588 557
402588 559
402832 562
403076 477
403076 550
403320 545
403320 551
403320 556
403564 549
403809 548
403809 543
404053 542
404053 547
404053 540
404297 539
404297 531
404297 528
404541 525
404785 527
405029 506
405273 517
405273 463
405518 569
405762 502
406250 556
406494 83
406738 552
406738 546
406738 549
406982 541
406982 403
407227 468
407227 540
407227 544
407471 547
407471 538
407471 545
407471 535
407715 531
407715 522
407715 536
408203 516
408203 575
408203 675
408447 475
408691 566
408691 569
408936 499
409424 564
409424 561
409424 633
409668 442
409668 483
409912 548
410156 555
410156 549
410400 373
410400 550
410645 540
410889 524
410889 532
411377 530
411621 525
411621 505
411865 507
412109 497
412109 464
412354 70
412354 564
413086 479
413330 556
414062 544
414062 526
414307 536
414307 447
414307 450
414307 533
414307 577
414551 288
414795 520
415527 560
415527 465
415772 457
415772 460
416260 555
416504 419
416992 543
416992 542
416992 636
416992 547
416992 550
417480 541
417480 530
417725 535
417725 529
417725 525
418457 477
419189 494
419678 552
419922 544
420898 533
421143 527
421143 531
421387 523
421631 470
421875 564
421875 512
422119 456
422607 457
422607 451
422852 431
422852 559
422852 552
423096 479
423340 551
423584 537
424805 527
425049 524
425293 564
425537 507
425781 559
425781 456
425781 458
426025 306
426270 554
427246 534
427246 536
427490 521
427978 519
427978 527
428223 505
429199 690
429199 559
429443 555
429688 303
429932 549
430176 466
430420 398
430420 535
430664 533
430908 523
431152 526
431152 507
431641 500
432129 90
432129 555
432617 434
432617 556
432617 442
432617 550
432861 234
433105 547
433105 541
433350 539
433350 612
433350 543
433594 21
433594 533
433838 530
433838 529
434570 154
434814 568
435059 558
435547 556
435791 436
436279 543
436523 412
436768 644
437012 521
437012 531
437256 522
437256 26
437500 296
437744 505
437988 517
437988 512
438965 552
439941 534
439941 540
440186 536
440674 526
440918 514
440918 567
441406 502
441406 563
441650 486
442627 551
443115 539
443359 533
443604 518
443604 524
445312 559
445557 547
445801 549
446289 541
446533 441
446777 528
446777 577
447022 522
447510 504
448975 550
449951 523
450684 509
451904 100
452148 552
452637 538
453613 525
453857 506
454346 565
454590 491
454834 559
455078 555
455811 549
456299 542
456299 535
457275 38
457764 496
458252 560
458740 546
459228 461
459228 532
460938 456
460938 566
461670 477
461914 553
462158 551
462402 547
462402 459
462646 541
464355 563
464844 41
464844 551
465332 553
465576 392
466553 528
468018 256
468750 89
469238 443
469482 441
469727 532
470215 567
474365 449
474609 426
474854 555
475098 553
475098 8
475098 195
475342 545
476074 526
476318 532
477783 559
479004 336
480469 460
481445 559
481445 549
482422 541
482666 696
483643 572
483643 508
485840 543
485840 538
486572 513
487305 662
487549 492
489502 532
489990 366
493896 572
495850 543
497070 38
500488 318
503906 507
504883 567
505371 556
505859 591
506836 586
510742 584
513672 591
515137 85
518066 154
519043 97
521484 641
529297 69
532227 399
532227 440
536133 221
537598 174
537598 151
540527 523
541016 654
543457 142
544922 650
546875 675
547363 610
547852 188
548340 122
549316 638
552734 275
554199 153
556152 679
556152 158
559082 121
559570 287
562012 183
562500 63
564453 52
570312 289
579102 123
580566 498
587402 425
588379 616
588867 244
597656 302
597656 80
598633 587
599121 106
599609 343
601074 673
602051 307
603516 634
604980 315
607910 625
609863 525
612305 597
614258 63
618652 409
618652 521
628906 138
630859 464
632324 518
632812 628
636230 322
639648 669
643555 560
643555 131
647461 258
651367 305
653809 157
655762 278
655762 454
656250 692
658691 168
660644 104
666016 57
666992 343
671875 270
673828 151
674316 111
675781 161
676758 683
679199 644
684570 266
686035 427
686523 64
687988 259
687988 608
693359 529
694824 354
696289 118
697754 342
698730 62
701660 508
702637 128
702637 661
704590 111
705078 130
706055 71
709473 190
710449 301
710938 37
711426 524
713867 33
720703 274
723144 665
723144 501
725098 113
726074 26
727539 437
732422 500
733398 202
733887 513
734863 112
740234 193
740234 586
740723 2
743652 341
743652 169
746094 436
747070 325
747559 595
754883 180
757812 114
760254 665
760254 142
762207 135
763184 657
764160 530
764648 0
765137 119
765625 495
767090 267
769043 75
771973 537
776856 407
776856 672
777832 173
779297 70
780762 209
789551 17
790039 634
790527 628
791016 532
791504 164
791992 85
794922 438
796387 250
796875 452
798340 68
799316 332
805176 222
810059 576
810059 397
811523 618
