[151, 147, 179, 147, 147, 147, 160, 147, 147, 147, 147, 181, 147, 147, 147, 147, 160, 163, 147, 163, 157, 147, 154, 147, 166, 159, 157, 147, 147, 155, 151, 147, 147, 147, 180, 147, 147, 154, 160, 147, 168, 147, 151, 164, 156, 169, 147, 147, 157, 187, 147, 156, 178, 173, 164, 157, 147, 151, 170, 164, 163, 192, 147, 147, 147, 147, 147, 147, 149, 147, 157, 147]
[147, 147, 164, 147, 151, 147, 153, 153, 147, 147, 149, 172, 147, 147, 147, 147, 163, 158, 147, 169, 164, 147, 164, 151, 166, 149, 147, 147, 147, 163, 147, 147, 159, 147, 189, 147, 148, 147, 178, 147, 166, 149, 147, 155, 154, 165, 151, 147, 156, 169, 147, 152, 183, 170, 156, 147, 147, 148, 170, 159, 167, 187, 152, 147, 147, 149, 147, 147, 148, 147, 149, 147]
[147, 147, 161, 147, 147, 147, 159, 156, 147, 147, 164, 175, 147, 147, 147, 147, 170, 150, 147, 168, 172, 153, 150, 153, 172, 147, 147, 147, 147, 181, 151, 147, 160, 147, 202, 147, 149, 147, 187, 155, 150, 153, 147, 147, 163, 162, 157, 147, 171, 160, 147, 160, 191, 160, 162, 147, 147, 165, 167, 160, 173, 181, 147, 147, 151, 159, 147, 148, 152, 147, 147, 147]
[147, 147, 187, 147, 147, 153, 165, 153, 147, 147, 184, 181, 147, 147, 147, 147, 189, 167, 147, 166, 171, 177, 147, 147, 182, 147, 157, 147, 153, 195, 167, 147, 158, 147, 224, 147, 155, 154, 180, 150, 147, 147, 147, 147, 193, 163, 166, 147, 201, 152, 147, 163, 212, 157, 158, 149, 147, 193, 165, 170, 180, 183, 147, 147, 158, 162, 147, 147, 169, 147, 147, 149]
[147, 147, 177, 147, 147, 147, 155, 153, 147, 147, 176, 167, 147, 147, 147, 147, 185, 156, 147, 160, 183, 177, 147, 147, 178, 147, 154, 147, 153, 190, 152, 147, 165, 147, 212, 147, 156, 150, 175, 149, 147, 147, 147, 147, 179, 160, 163, 147, 182, 147, 147, 170, 191, 162, 152, 147, 147, 174, 172, 167, 173, 185, 147, 147, 162, 177, 147, 150, 160, 147, 147, 147]
[147, 147, 155, 147, 162, 165, 158, 148, 147, 147, 176, 157, 147, 147, 147, 147, 172, 165, 147, 178, 180, 169, 150, 147, 190, 147, 158, 147, 147, 172, 156, 147, 178, 147, 187, 147, 156, 151, 168, 160, 147, 161, 149, 147, 171, 147, 173, 147, 180, 147, 147, 156, 194, 156, 149, 150, 147, 166, 190, 175, 156, 150, 152, 147, 159, 160, 147, 147, 161, 164, 147, 155]
[147, 153, 147, 147, 172, 162, 147, 159, 147, 151, 170, 147, 147, 147, 147, 147, 172, 155, 147, 170, 198, 165, 158, 147, 192, 147, 148, 147, 147, 170, 147, 147, 181, 147, 179, 147, 161, 149, 167, 154, 147, 166, 147, 147, 163, 147, 177, 154, 180, 147, 147, 160, 174, 154, 147, 147, 147, 153, 182, 172, 149, 147, 153, 147, 162, 174, 147, 153, 157, 168, 147, 162]
[147, 153, 147, 147, 181, 157, 147, 155, 163, 147, 159, 147, 149, 147, 147, 147, 154, 149, 147, 165, 198, 150, 170, 157, 189, 147, 147, 147, 147, 152, 147, 147, 187, 147, 160, 147, 164, 147, 171, 151, 147, 171, 155, 150, 148, 147, 169, 164, 170, 147, 149, 151, 167, 158, 147, 147, 147, 147, 178, 172, 150, 147, 167, 147, 158, 171, 147, 147, 152, 162, 147, 160]
[147, 159, 147, 147, 179, 156, 147, 158, 166, 150, 163, 147, 149, 147, 147, 153, 162, 147, 147, 163, 201, 154, 169, 149, 186, 147, 147, 147, 147, 151, 147, 154, 183, 148, 156, 147, 167, 148, 169, 155, 147, 165, 152, 151, 147, 147, 172, 162, 166, 147, 154, 156, 161, 151, 147, 147, 147, 147, 173, 170, 159, 147, 170, 147, 166, 172, 147, 153, 147, 162, 147, 168]
[147, 164, 147, 147, 182, 157, 147, 162, 168, 147, 162, 147, 154, 147, 147, 157, 172, 147, 147, 162, 210, 155, 169, 155, 191, 147, 154, 147, 147, 150, 147, 151, 178, 147, 148, 147, 164, 150, 162, 161, 147, 162, 149, 150, 147, 147, 175, 165, 165, 147, 157, 158, 156, 147, 150, 147, 147, 147, 175, 168, 154, 147, 169, 147, 163, 180, 147, 161, 147, 164, 147, 176]
[147, 166, 147, 147, 182, 162, 147, 160, 169, 153, 160, 147, 154, 147, 147, 157, 176, 147, 147, 161, 206, 159, 166, 153, 188, 147, 158, 147, 149, 152, 147, 154, 171, 147, 148, 147, 165, 155, 156, 160, 147, 160, 147, 147, 150, 147, 178, 164, 163, 147, 154, 158, 155, 147, 150, 147, 147, 147, 176, 168, 155, 147, 167, 147, 167, 182, 147, 164, 147, 164, 147, 180]
[147, 166, 147, 147, 187, 155, 147, 162, 178, 147, 160, 147, 165, 147, 147, 165, 166, 147, 147, 159, 210, 147, 163, 165, 191, 147, 151, 151, 147, 150, 147, 149, 172, 147, 147, 147, 165, 150, 161, 155, 147, 169, 151, 151, 147, 147, 169, 168, 157, 147, 159, 163, 147, 147, 148, 147, 147, 147, 168, 159, 149, 147, 170, 147, 161, 189, 156, 170, 147, 164, 147, 178]
[147, 166, 147, 147, 186, 151, 147, 164, 179, 147, 158, 147, 167, 147, 147, 165, 172, 147, 147, 155, 212, 147, 166, 163, 194, 147, 158, 156, 147, 147, 147, 147, 161, 147, 147, 147, 165, 151, 161, 157, 147, 163, 152, 157, 147, 147, 169, 168, 155, 147, 158, 168, 147, 148, 148, 147, 147, 147, 171, 159, 147, 147, 164, 153, 150, 193, 154, 174, 147, 170, 147, 178]
[147, 171, 147, 147, 178, 149, 147, 164, 183, 147, 156, 147, 171, 147, 147, 167, 183, 147, 147, 152, 218, 147, 161, 166, 188, 147, 157, 158, 147, 151, 147, 147, 158, 147, 147, 147, 162, 151, 161, 154, 147, 159, 150, 161, 147, 147, 173, 167, 152, 147, 165, 170, 147, 147, 151, 147, 147, 147, 164, 156, 149, 147, 163, 153, 153, 204, 155, 183, 147, 170, 147, 179]
[147, 179, 149, 147, 178, 147, 147, 162, 190, 147, 151, 147, 179, 147, 147, 170, 191, 147, 147, 147, 224, 147, 159, 165, 186, 147, 158, 160, 147, 147, 147, 147, 147, 147, 148, 147, 159, 154, 150, 152, 147, 148, 148, 162, 147, 147, 164, 169, 152, 147, 169, 177, 147, 147, 152, 147, 147, 147, 152, 147, 147, 147, 161, 161, 152, 215, 155, 191, 147, 167, 147, 181]
[147, 179, 152, 147, 173, 147, 147, 158, 192, 147, 148, 147, 182, 147, 147, 168, 192, 147, 147, 147, 220, 147, 159, 161, 187, 147, 159, 160, 147, 147, 147, 147, 147, 147, 150, 147, 160, 154, 148, 153, 147, 149, 149, 163, 147, 147, 160, 169, 149, 147, 168, 181, 147, 147, 150, 147, 147, 147, 154, 147, 147, 147, 161, 166, 151, 217, 157, 191, 147, 163, 147, 186]
[147, 174, 147, 147, 173, 147, 147, 166, 184, 147, 149, 147, 180, 147, 147, 165, 185, 147, 147, 147, 218, 147, 157, 168, 188, 148, 163, 163, 147, 149, 147, 147, 147, 147, 152, 147, 162, 149, 150, 152, 147, 147, 148, 164, 147, 147, 156, 172, 150, 147, 161, 181, 147, 147, 153, 147, 147, 147, 154, 155, 147, 147, 155, 165, 147, 210, 150, 185, 147, 166, 147, 181]
[147, 170, 147, 147, 171, 147, 147, 168, 179, 147, 151, 147, 187, 147, 147, 167, 186, 147, 147, 147, 220, 147, 154, 173, 187, 150, 163, 166, 147, 154, 147, 147, 147, 147, 155, 147, 162, 147, 153, 151, 147, 147, 147, 162, 147, 147, 158, 176, 150, 147, 158, 185, 147, 147, 153, 147, 147, 147, 151, 154, 147, 147, 149, 167, 147, 213, 148, 184, 147, 167, 147, 181]
[147, 169, 147, 147, 167, 147, 147, 169, 179, 147, 153, 147, 189, 150, 147, 168, 188, 147, 147, 147, 219, 147, 158, 175, 185, 149, 160, 165, 147, 157, 147, 147, 147, 147, 153, 147, 161, 147, 156, 153, 147, 147, 147, 159, 147, 147, 158, 173, 150, 147, 160, 182, 147, 147, 152, 147, 147, 147, 150, 148, 147, 147, 149, 167, 147, 213, 150, 182, 147, 166, 147, 181]
[147, 171, 147, 147, 165, 147, 147, 175, 179, 147, 155, 147, 190, 149, 147, 169, 191, 147, 147, 147, 222, 147, 155, 177, 184, 149, 155, 173, 147, 160, 147, 147, 147, 147, 158, 147, 167, 147, 156, 148, 147, 147, 147, 157, 147, 147, 160, 174, 150, 147, 160, 186, 147, 147, 152, 147, 147, 147, 147, 151, 147, 147, 147, 172, 147, 215, 147, 186, 147, 164, 147, 183]
[147, 174, 147, 147, 160, 147, 147, 172, 176, 147, 158, 147, 190, 150, 147, 170, 197, 147, 147, 147, 218, 147, 153, 175, 182, 152, 155, 174, 147, 163, 147, 147, 147, 147, 162, 147, 168, 147, 154, 151, 147, 147, 147, 157, 147, 147, 163, 169, 149, 147, 162, 187, 147, 147, 154, 147, 147, 147, 147, 149, 147, 147, 147, 172, 147, 217, 149, 187, 147, 166, 147, 185]
[147, 169, 147, 147, 155, 147, 147, 175, 171, 147, 157, 147, 187, 150, 147, 168, 197, 147, 147, 147, 213, 147, 153, 171, 178, 155, 154, 174, 147, 164, 147, 147, 147, 147, 167, 147, 167, 147, 155, 148, 147, 147, 147, 156, 147, 147, 164, 164, 155, 147, 159, 185, 147, 147, 151, 147, 147, 147, 147, 151, 147, 147, 147, 173, 147, 211, 147, 184, 147, 166, 147, 184]
[147, 164, 147, 147, 147, 147, 147, 172, 175, 147, 170, 147, 184, 149, 147, 163, 194, 147, 147, 147, 206, 147, 148, 165, 172, 148, 156, 170, 147, 164, 147, 147, 147, 147, 172, 147, 165, 147, 158, 147, 148, 147, 147, 155, 147, 147, 163, 158, 155, 147, 159, 190, 147, 147, 151, 147, 147, 147, 147, 147, 147, 147, 147, 165, 147, 211, 148, 175, 147, 158, 147, 186]
[147, 165, 147, 147, 157, 147, 147, 172, 168, 147, 160, 147, 189, 147, 147, 177, 196, 147, 147, 147, 203, 147, 147, 161, 173, 155, 156, 177, 147, 157, 147, 147, 147, 147, 172, 147, 172, 147, 153, 147, 148, 147, 147, 147, 147, 147, 161, 167, 151, 147, 154, 195, 147, 147, 147, 147, 147, 147, 147, 147, 147, 147, 147, 173, 147, 218, 147, 179, 147, 162, 147, 188]
[147, 164, 147, 147, 157, 147, 147, 174, 170, 147, 160, 149, 186, 150, 147, 167, 196, 147, 147, 147, 209, 147, 147, 169, 175, 156, 155, 174, 147, 162, 147, 147, 147, 147, 175, 147, 166, 147, 157, 147, 155, 147, 147, 157, 147, 147, 159, 167, 151, 147, 152, 193, 147, 147, 153, 147, 147, 147, 147, 150, 147, 147, 147, 173, 147, 214, 147, 181, 147, 161, 147, 183]
[147, 163, 147, 147, 153, 147, 147, 179, 177, 147, 164, 147, 186, 149, 147, 168, 192, 147, 147, 147, 213, 147, 152, 170, 178, 152, 155, 175, 147, 164, 147, 147, 147, 147, 168, 147, 163, 147, 159, 152, 147, 147, 147, 159, 147, 147, 160, 163, 156, 147, 162, 187, 147, 147, 155, 147, 147, 147, 147, 147, 147, 147, 147, 176, 147, 210, 148, 182, 147, 156, 147, 184]
[147, 164, 147, 147, 155, 147, 147, 178, 168, 147, 157, 147, 184, 147, 147, 167, 193, 147, 147, 147, 208, 147, 153, 167, 178, 151, 154, 169, 147, 164, 147, 147, 147, 147, 176, 147, 166, 147, 159, 150, 147, 147, 147, 155, 147, 147, 159, 164, 153, 147, 156, 192, 147, 147, 157, 147, 147, 147, 147, 153, 147, 147, 147, 169, 147, 209, 147, 179, 147, 159, 147, 183]
[147, 159, 147, 147, 157, 147, 147, 176, 166, 147, 157, 147, 186, 147, 147, 163, 184, 147, 147, 147, 207, 147, 158, 168, 183, 151, 152, 166, 147, 165, 147, 147, 147, 147, 171, 147, 164, 147, 160, 153, 147, 149, 147, 154, 147, 147, 157, 161, 154, 147, 155, 185, 147, 147, 156, 147, 147, 147, 147, 153, 147, 147, 147, 165, 147, 203, 147, 169, 147, 163, 147, 184]
[147, 164, 147, 147, 158, 147, 147, 176, 166, 147, 161, 147, 188, 149, 147, 173, 184, 147, 147, 147, 208, 147, 160, 166, 186, 154, 150, 171, 147, 166, 147, 147, 147, 147, 169, 147, 168, 147, 160, 158, 147, 150, 147, 153, 147, 147, 162, 162, 156, 147, 160, 184, 147, 147, 154, 147, 147, 147, 147, 155, 147, 147, 147, 172, 147, 202, 147, 170, 147, 166, 147, 192]
[147, 159, 147, 147, 161, 147, 147, 180, 166, 147, 162, 147, 182, 152, 147, 168, 178, 147, 147, 147, 202, 147, 162, 162, 185, 154, 149, 172, 147, 165, 147, 147, 147, 147, 181, 147, 173, 147, 166, 154, 147, 150, 147, 155, 147, 147, 163, 164, 157, 147, 155, 183, 150, 150, 150, 147, 147, 147, 147, 164, 147, 147, 147, 176, 147, 199, 147, 167, 147, 165, 147, 182]
[147, 161, 147, 147, 164, 147, 147, 185, 166, 147, 164, 147, 182, 159, 147, 175, 168, 147, 147, 147, 205, 147, 167, 163, 180, 152, 147, 177, 147, 161, 147, 147, 147, 147, 167, 147, 179, 147, 165, 149, 147, 151, 147, 160, 147, 147, 161, 172, 158, 147, 154, 186, 147, 153, 149, 147, 147, 147, 147, 162, 147, 147, 147, 180, 149, 200, 147, 165, 147, 162, 147, 188]
[147, 158, 147, 147, 162, 147, 147, 183, 165, 147, 158, 149, 180, 156, 147, 170, 158, 147, 147, 147, 203, 147, 168, 163, 181, 150, 147, 166, 147, 157, 147, 147, 152, 147, 174, 147, 173, 147, 168, 147, 147, 149, 147, 162, 147, 147, 156, 176, 157, 147, 147, 182, 147, 154, 150, 147, 147, 147, 147, 168, 147, 147, 147, 175, 147, 197, 147, 158, 147, 160, 147, 175]
[147, 152, 147, 147, 171, 147, 147, 181, 161, 147, 150, 148, 174, 156, 147, 164, 150, 147, 147, 147, 199, 147, 172, 165, 187, 157, 147, 163, 147, 154, 147, 147, 160, 147, 171, 147, 171, 147, 171, 151, 148, 156, 147, 167, 147, 147, 154, 182, 156, 147, 147, 174, 148, 162, 151, 147, 147, 147, 151, 179, 147, 147, 147, 169, 147, 186, 147, 149, 147, 162, 148, 167]
[147, 152, 147, 147, 179, 157, 147, 167, 150, 147, 147, 147, 160, 147, 147, 159, 147, 147, 147, 147, 194, 147, 175, 162, 198, 161, 160, 157, 147, 153, 147, 147, 162, 147, 165, 147, 160, 147, 166, 158, 147, 150, 152, 165, 147, 147, 147, 177, 159, 147, 147, 164, 147, 165, 155, 153, 147, 147, 162, 185, 147, 147, 147, 157, 147, 169, 147, 147, 147, 172, 157, 164]
[147, 156, 147, 147, 180, 156, 147, 176, 151, 147, 147, 147, 165, 158, 147, 159, 147, 147, 147, 147, 194, 147, 177, 163, 195, 153, 156, 153, 147, 151, 147, 147, 171, 147, 154, 149, 164, 147, 172, 154, 147, 158, 152, 160, 147, 147, 147, 180, 161, 147, 147, 162, 147, 163, 149, 147, 147, 147, 153, 179, 147, 147, 147, 157, 147, 166, 147, 147, 147, 166, 158, 171]
[147, 152, 147, 147, 195, 164, 147, 166, 147, 147, 147, 147, 150, 147, 147, 156, 147, 147, 147, 147, 186, 147, 179, 150, 200, 155, 161, 151, 147, 147, 147, 147, 172, 147, 158, 147, 158, 147, 162, 156, 147, 156, 154, 154, 147, 147, 147, 183, 164, 147, 147, 157, 147, 170, 155, 160, 147, 147, 163, 195, 147, 147, 147, 148, 147, 153, 147, 147, 147, 179, 167, 156]
[147, 147, 147, 147, 186, 173, 147, 164, 147, 152, 147, 149, 147, 158, 147, 149, 147, 147, 147, 147, 178, 147, 178, 154, 198, 155, 158, 147, 147, 151, 147, 147, 181, 147, 160, 147, 153, 147, 172, 155, 147, 154, 157, 157, 147, 150, 147, 173, 168, 147, 147, 149, 162, 176, 151, 159, 147, 147, 167, 200, 147, 147, 147, 147, 147, 147, 147, 147, 150, 177, 180, 147]
[147, 147, 147, 147, 179, 176, 147, 159, 147, 155, 147, 154, 147, 153, 147, 147, 147, 147, 147, 147, 173, 147, 172, 153, 197, 153, 162, 147, 147, 156, 147, 147, 184, 147, 159, 149, 152, 147, 174, 155, 147, 151, 164, 159, 147, 155, 147, 167, 168, 147, 147, 147, 161, 177, 150, 159, 147, 147, 168, 202, 147, 147, 147, 147, 147, 147, 147, 147, 156, 182, 183, 147]
[147, 147, 147, 147, 174, 173, 147, 157, 147, 154, 147, 161, 147, 153, 147, 147, 147, 147, 147, 147, 170, 147, 167, 152, 195, 157, 170, 151, 147, 161, 147, 147, 180, 147, 162, 150, 151, 147, 172, 158, 147, 153, 163, 156, 147, 150, 147, 161, 166, 147, 147, 151, 157, 175, 150, 163, 147, 147, 166, 198, 147, 147, 147, 147, 147, 147, 147, 147, 152, 183, 183, 147]
[147, 148, 147, 147, 180, 175, 147, 151, 147, 160, 147, 171, 147, 147, 147, 149, 147, 147, 147, 147, 163, 147, 156, 147, 188, 158, 167, 152, 147, 157, 148, 147, 172, 147, 166, 147, 147, 147, 164, 155, 149, 147, 153, 152, 147, 149, 147, 163, 152, 147, 147, 151, 156, 169, 149, 170, 147, 147, 166, 204, 147, 147, 147, 147, 147, 147, 147, 147, 162, 190, 184, 147]
[147, 154, 147, 147, 175, 171, 147, 159, 147, 155, 147, 162, 147, 156, 147, 150, 147, 147, 147, 147, 167, 147, 164, 148, 182, 159, 158, 150, 147, 153, 147, 147, 177, 147, 159, 158, 151, 147, 168, 147, 154, 147, 155, 151, 147, 153, 147, 166, 150, 147, 147, 154, 147, 167, 147, 163, 147, 147, 150, 196, 147, 147, 147, 147, 147, 147, 147, 147, 156, 180, 176, 152]
[147, 150, 147, 147, 178, 170, 147, 154, 147, 158, 147, 172, 147, 149, 147, 147, 147, 147, 147, 147, 156, 147, 161, 147, 183, 161, 162, 150, 147, 152, 147, 147, 165, 147, 177, 147, 154, 148, 165, 147, 161, 147, 157, 153, 147, 160, 147, 169, 154, 147, 147, 157, 153, 178, 147, 164, 147, 147, 160, 210, 147, 147, 147, 147, 147, 147, 147, 147, 155, 183, 190, 147]
[147, 151, 147, 147, 180, 162, 147, 150, 147, 159, 147, 172, 147, 147, 147, 148, 147, 147, 147, 147, 157, 147, 163, 147, 184, 163, 166, 152, 147, 147, 150, 147, 161, 147, 176, 147, 156, 151, 159, 147, 162, 147, 159, 156, 147, 158, 147, 174, 153, 147, 147, 160, 147, 180, 147, 166, 147, 147, 161, 212, 147, 147, 147, 147, 147, 147, 147, 147, 155, 182, 187, 147]
[147, 147, 147, 147, 188, 168, 150, 153, 147, 159, 147, 181, 147, 147, 152, 147, 147, 150, 147, 147, 159, 147, 162, 147, 185, 164, 178, 154, 147, 147, 160, 147, 157, 149, 190, 147, 150, 151, 151, 147, 166, 147, 159, 152, 147, 165, 147, 180, 157, 147, 147, 170, 152, 188, 147, 173, 147, 147, 174, 219, 147, 147, 147, 147, 147, 147, 147, 147, 153, 185, 186, 147]
[147, 162, 147, 147, 183, 161, 147, 148, 147, 160, 147, 169, 150, 147, 155, 159, 147, 147, 147, 147, 156, 147, 160, 147, 173, 163, 157, 155, 147, 147, 148, 147, 166, 147, 161, 154, 159, 148, 153, 147, 157, 147, 153, 151, 147, 154, 147, 172, 147, 147, 147, 162, 147, 169, 147, 160, 147, 147, 149, 198, 147, 147, 147, 147, 147, 147, 147, 147, 150, 181, 180, 160]
[153, 147, 147, 147, 172, 153, 147, 150, 147, 159, 147, 181, 147, 148, 155, 147, 147, 147, 147, 147, 149, 147, 168, 147, 169, 167, 147, 149, 147, 151, 147, 147, 162, 147, 175, 150, 156, 152, 168, 147, 171, 147, 165, 165, 147, 165, 147, 165, 147, 147, 147, 163, 149, 179, 147, 151, 147, 147, 158, 202, 147, 147, 147, 147, 147, 147, 147, 147, 147, 179, 183, 147]
[152, 147, 147, 147, 169, 147, 147, 155, 147, 156, 147, 170, 147, 150, 160, 147, 147, 147, 147, 147, 152, 147, 167, 147, 165, 171, 147, 158, 147, 147, 147, 147, 157, 147, 175, 147, 163, 152, 168, 147, 183, 147, 159, 169, 147, 161, 147, 167, 147, 147, 147, 163, 149, 190, 147, 158, 147, 147, 155, 204, 147, 152, 147, 148, 147, 147, 147, 147, 151, 171, 181, 147]
[152, 147, 147, 147, 169, 154, 147, 159, 147, 156, 147, 174, 147, 162, 158, 147, 147, 147, 147, 147, 147, 147, 169, 147, 155, 160, 147, 151, 147, 149, 147, 147, 159, 147, 179, 147, 158, 147, 172, 147, 185, 147, 158, 155, 147, 169, 147, 169, 147, 147, 147, 160, 157, 188, 147, 152, 147, 147, 154, 205, 147, 157, 147, 147, 147, 147, 147, 147, 157, 165, 186, 147]
[159, 147, 147, 147, 167, 152, 147, 157, 147, 158, 147, 178, 147, 164, 162, 147, 147, 147, 147, 147, 147, 147, 168, 147, 153, 162, 147, 152, 147, 148, 152, 147, 159, 147, 171, 147, 156, 147, 172, 147, 194, 147, 160, 156, 147, 177, 147, 171, 147, 147, 147, 160, 153, 189, 147, 154, 147, 147, 147, 212, 147, 155, 147, 149, 147, 147, 147, 147, 165, 170, 186, 147]
[172, 147, 150, 147, 158, 147, 147, 148, 147, 147, 147, 185, 147, 150, 169, 147, 147, 147, 152, 147, 147, 147, 151, 147, 147, 157, 147, 147, 147, 147, 153, 147, 147, 148, 191, 147, 151, 154, 155, 147, 197, 147, 147, 147, 147, 171, 147, 156, 147, 171, 147, 160, 154, 176, 147, 148, 147, 149, 148, 190, 147, 179, 147, 147, 147, 147, 147, 147, 154, 153, 174, 147]
[176, 147, 151, 147, 174, 147, 147, 147, 147, 155, 147, 191, 147, 147, 177, 147, 147, 158, 150, 147, 147, 148, 158, 147, 148, 159, 147, 147, 147, 147, 161, 147, 147, 150, 200, 147, 153, 157, 149, 147, 201, 147, 149, 147, 147, 171, 147, 162, 147, 179, 147, 167, 157, 188, 147, 154, 147, 147, 162, 203, 147, 185, 147, 147, 147, 147, 147, 147, 151, 161, 184, 147]
[166, 147, 151, 147, 158, 147, 147, 150, 147, 147, 147, 186, 147, 149, 161, 147, 147, 147, 158, 147, 147, 154, 149, 147, 147, 150, 147, 147, 153, 149, 147, 147, 147, 149, 198, 147, 150, 153, 158, 147, 195, 147, 147, 147, 147, 162, 147, 153, 147, 170, 147, 167, 157, 176, 147, 147, 147, 149, 154, 181, 147, 192, 147, 147, 147, 147, 147, 147, 149, 147, 174, 147]
[173, 147, 154, 147, 159, 147, 147, 147, 147, 147, 147, 185, 147, 147, 163, 147, 147, 147, 157, 147, 147, 155, 147, 147, 147, 148, 147, 147, 153, 150, 158, 147, 147, 151, 196, 147, 148, 154, 152, 147, 194, 147, 147, 147, 147, 167, 147, 151, 147, 174, 147, 164, 158, 171, 147, 147, 147, 154, 151, 183, 147, 188, 147, 147, 147, 147, 147, 147, 155, 148, 175, 147]
[147, 147, 164, 147, 151, 147, 152, 147, 154, 147, 147, 165, 147, 148, 147, 147, 158, 156, 147, 154, 147, 148, 153, 147, 154, 159, 155, 147, 147, 147, 147, 147, 147, 147, 178, 147, 147, 153, 157, 149, 170, 147, 154, 153, 151, 155, 147, 149, 149, 175, 147, 154, 166, 171, 148, 150, 147, 147, 167, 158, 164, 185, 150, 151, 147, 151, 147, 147, 147, 149, 157, 147]
[162, 147, 169, 147, 164, 147, 151, 151, 147, 147, 147, 196, 147, 147, 165, 147, 160, 164, 152, 152, 147, 163, 149, 147, 147, 147, 157, 147, 152, 147, 153, 147, 147, 147, 218, 147, 150, 155, 147, 147, 195, 147, 147, 147, 147, 161, 147, 159, 147, 188, 147, 181, 172, 181, 147, 149, 147, 147, 171, 184, 147, 204, 147, 147, 147, 149, 147, 147, 147, 149, 176, 147]
[147, 147, 150, 147, 147, 147, 147, 152, 155, 147, 147, 167, 147, 155, 147, 147, 166, 148, 148, 150, 147, 147, 148, 147, 149, 160, 156, 147, 147, 153, 147, 147, 147, 147, 174, 147, 147, 148, 161, 148, 173, 147, 153, 147, 150, 147, 157, 147, 147, 164, 147, 158, 174, 167, 147, 151, 147, 147, 166, 154, 162, 175, 147, 149, 147, 163, 147, 147, 147, 157, 154, 147]
[148, 147, 147, 147, 147, 150, 147, 151, 158, 147, 147, 158, 147, 161, 149, 152, 154, 148, 148, 148, 147, 147, 150, 147, 147, 153, 148, 147, 148, 154, 147, 150, 151, 147, 158, 152, 147, 147, 162, 152, 166, 150, 154, 147, 149, 148, 152, 147, 147, 147, 153, 149, 159, 153, 147, 147, 147, 147, 157, 147, 163, 161, 149, 150, 151, 153, 151, 147, 147, 151, 148, 147]
[154, 147, 161, 147, 147, 149, 159, 147, 153, 147, 147, 169, 147, 152, 147, 147, 158, 157, 151, 154, 147, 151, 149, 147, 149, 155, 157, 147, 147, 154, 147, 147, 147, 152, 171, 147, 147, 148, 155, 156, 167, 147, 155, 150, 157, 153, 147, 147, 147, 173, 147, 148, 168, 161, 152, 150, 147, 147, 172, 157, 160, 182, 149, 147, 147, 147, 147, 148, 147, 154, 157, 147]
[154, 147, 166, 147, 147, 148, 160, 147, 153, 147, 147, 166, 147, 147, 147, 147, 160, 161, 151, 159, 147, 153, 147, 147, 154, 151, 160, 147, 147, 154, 148, 147, 147, 148, 165, 147, 147, 150, 149, 158, 159, 147, 152, 154, 162, 151, 147, 147, 149, 180, 147, 147, 168, 158, 159, 152, 147, 147, 170, 157, 157, 177, 150, 147, 147, 147, 147, 152, 147, 152, 154, 147]
[182, 147, 161, 147, 178, 147, 147, 147, 147, 158, 147, 193, 147, 147, 170, 147, 147, 161, 159, 147, 147, 160, 152, 147, 147, 157, 152, 147, 147, 147, 168, 147, 147, 155, 207, 147, 147, 163, 147, 147, 196, 147, 147, 147, 148, 166, 147, 157, 147, 188, 147, 173, 159, 187, 147, 153, 147, 147, 166, 200, 147, 199, 147, 147, 147, 147, 147, 147, 152, 159, 189, 147]
[179, 147, 172, 147, 176, 147, 156, 147, 147, 155, 147, 201, 147, 147, 168, 147, 152, 166, 155, 148, 147, 167, 147, 147, 147, 149, 158, 147, 151, 147, 168, 147, 147, 147, 220, 147, 149, 160, 147, 147, 194, 147, 147, 147, 151, 166, 147, 157, 147, 191, 147, 185, 168, 186, 147, 150, 147, 147, 171, 193, 147, 210, 147, 147, 147, 147, 147, 147, 150, 150, 190, 147]
[178, 147, 155, 147, 165, 147, 147, 147, 147, 153, 147, 186, 147, 147, 167, 147, 147, 147, 160, 147, 147, 158, 147, 147, 147, 152, 147, 147, 155, 147, 157, 147, 147, 151, 198, 147, 149, 162, 149, 147, 194, 147, 147, 147, 147, 165, 147, 152, 147, 176, 147, 167, 152, 176, 147, 147, 147, 148, 150, 192, 147, 186, 147, 147, 147, 147, 147, 147, 154, 152, 181, 147]
[154, 147, 166, 147, 147, 148, 160, 147, 153, 147, 147, 166, 147, 147, 147, 147, 160, 161, 151, 159, 147, 153, 147, 147, 154, 151, 160, 147, 147, 154, 148, 147, 147, 148, 165, 147, 147, 150, 149, 158, 159, 147, 152, 154, 162, 151, 147, 147, 149, 180, 147, 147, 168, 158, 159, 152, 147, 147, 170, 157, 157, 177, 150, 147, 147, 147, 147, 152, 147, 152, 154, 147]
[154, 147, 166, 147, 147, 148, 160, 147, 153, 147, 147, 166, 147, 147, 147, 147, 160, 161, 151, 159, 147, 153, 147, 147, 154, 151, 160, 147, 147, 154, 148, 147, 147, 148, 165, 147, 147, 150, 149, 158, 159, 147, 152, 154, 162, 151, 147, 147, 149, 180, 147, 147, 168, 158, 159, 152, 147, 147, 170, 157, 157, 177, 150, 147, 147, 147, 147, 152, 147, 152, 154, 147]
[147, 147, 162, 147, 151, 147, 153, 147, 152, 147, 147, 164, 147, 147, 147, 147, 165, 156, 151, 148, 147, 147, 147, 147, 157, 167, 167, 148, 147, 147, 147, 147, 147, 147, 181, 147, 149, 159, 158, 147, 177, 147, 149, 154, 155, 147, 148, 147, 147, 178, 147, 158, 162, 173, 147, 159, 147, 147, 165, 161, 161, 185, 149, 149, 147, 156, 147, 148, 147, 158, 154, 147]
[147, 147, 163, 147, 147, 147, 149, 149, 151, 147, 147, 165, 147, 147, 147, 147, 160, 159, 147, 153, 147, 147, 151, 147, 154, 157, 157, 147, 147, 150, 147, 147, 147, 147, 187, 147, 147, 154, 163, 147, 170, 147, 152, 149, 156, 152, 149, 147, 147, 169, 147, 155, 167, 172, 147, 153, 147, 147, 164, 162, 163, 183, 149, 147, 147, 156, 147, 147, 147, 155, 154, 147]
[155, 147, 160, 147, 148, 147, 158, 147, 154, 147, 147, 168, 147, 152, 147, 147, 159, 157, 152, 152, 147, 150, 151, 147, 148, 156, 157, 147, 147, 153, 147, 147, 147, 151, 173, 147, 147, 150, 155, 153, 169, 147, 154, 149, 155, 152, 147, 147, 147, 173, 147, 149, 165, 161, 149, 151, 147, 147, 170, 158, 158, 184, 149, 147, 147, 147, 147, 147, 147, 156, 157, 147]
[147, 147, 153, 147, 148, 147, 156, 147, 156, 147, 147, 169, 147, 151, 147, 147, 163, 155, 150, 150, 147, 147, 148, 147, 149, 160, 159, 147, 147, 151, 147, 147, 147, 147, 172, 147, 147, 151, 160, 152, 172, 147, 155, 147, 156, 147, 151, 147, 147, 166, 147, 153, 168, 165, 147, 152, 147, 147, 170, 154, 158, 182, 149, 147, 147, 154, 147, 149, 147, 161, 154, 147]
[183, 147, 172, 147, 185, 147, 153, 147, 147, 162, 147, 200, 147, 147, 171, 147, 147, 169, 158, 147, 147, 166, 147, 147, 151, 156, 160, 147, 149, 147, 169, 147, 147, 147, 220, 147, 147, 170, 147, 147, 190, 147, 147, 147, 154, 162, 147, 158, 147, 189, 147, 186, 160, 192, 147, 154, 147, 147, 170, 204, 147, 208, 147, 147, 147, 147, 147, 147, 152, 158, 198, 147]
[152, 147, 158, 147, 147, 147, 157, 147, 155, 147, 147, 170, 147, 148, 147, 147, 163, 156, 148, 152, 147, 148, 151, 147, 150, 157, 158, 147, 147, 153, 147, 147, 147, 147, 173, 147, 147, 149, 158, 154, 167, 147, 154, 149, 157, 148, 147, 147, 147, 170, 147, 152, 168, 163, 148, 151, 147, 147, 171, 154, 156, 185, 150, 147, 147, 151, 147, 149, 147, 155, 155, 147]
[170, 147, 155, 147, 165, 147, 147, 147, 147, 156, 147, 189, 150, 147, 164, 149, 151, 147, 161, 147, 147, 162, 147, 147, 147, 155, 147, 147, 159, 147, 147, 147, 147, 147, 203, 147, 152, 170, 148, 147, 194, 147, 147, 147, 151, 150, 147, 151, 147, 177, 147, 178, 148, 178, 147, 149, 147, 147, 154, 190, 147, 195, 147, 147, 147, 152, 147, 147, 147, 161, 181, 147]
[147, 147, 151, 147, 147, 148, 158, 147, 157, 147, 147, 170, 147, 151, 147, 147, 164, 155, 147, 155, 147, 148, 150, 147, 150, 156, 158, 147, 147, 159, 147, 147, 147, 147, 170, 147, 147, 147, 163, 157, 165, 147, 155, 150, 161, 147, 157, 147, 149, 159, 152, 153, 178, 159, 147, 147, 147, 147, 172, 147, 156, 176, 150, 147, 147, 154, 147, 148, 147, 158, 155, 147]
[147, 147, 149, 147, 147, 152, 158, 147, 160, 147, 147, 168, 147, 156, 147, 147, 162, 154, 150, 155, 147, 147, 149, 147, 147, 153, 157, 147, 147, 157, 147, 147, 147, 147, 170, 147, 147, 147, 161, 156, 168, 147, 152, 147, 155, 148, 154, 147, 147, 158, 149, 150, 173, 157, 147, 150, 147, 147, 171, 150, 161, 175, 150, 147, 147, 152, 147, 148, 147, 157, 150, 147]
[150, 147, 159, 147, 150, 147, 153, 147, 151, 147, 147, 169, 147, 147, 147, 147, 164, 162, 152, 150, 147, 147, 147, 147, 151, 156, 162, 147, 147, 147, 147, 147, 147, 147, 180, 147, 147, 157, 159, 147, 174, 147, 153, 147, 158, 147, 147, 147, 147, 172, 147, 156, 161, 170, 147, 157, 147, 147, 167, 160, 155, 187, 149, 147, 147, 154, 147, 148, 147, 163, 153, 147]
[182, 147, 167, 147, 192, 147, 154, 147, 147, 176, 147, 190, 147, 147, 168, 148, 147, 174, 169, 147, 147, 167, 148, 147, 151, 163, 166, 147, 151, 147, 171, 147, 147, 158, 206, 147, 147, 184, 147, 147, 189, 147, 151, 147, 162, 150, 147, 159, 147, 189, 147, 180, 148, 193, 147, 166, 147, 147, 177, 207, 147, 206, 147, 147, 147, 147, 147, 147, 147, 179, 194, 147]
[154, 147, 166, 147, 147, 148, 160, 147, 153, 147, 147, 166, 147, 147, 147, 147, 160, 161, 151, 159, 147, 153, 147, 147, 154, 151, 160, 147, 147, 154, 148, 147, 147, 148, 165, 147, 147, 150, 149, 158, 159, 147, 152, 154, 162, 151, 147, 147, 149, 180, 147, 147, 168, 158, 159, 152, 147, 147, 170, 157, 157, 177, 150, 147, 147, 147, 147, 152, 147, 152, 154, 147]
[167, 147, 152, 147, 166, 147, 147, 147, 147, 158, 147, 188, 151, 147, 165, 154, 153, 148, 160, 147, 147, 160, 147, 147, 147, 161, 148, 149, 158, 147, 147, 147, 147, 147, 204, 147, 154, 173, 149, 147, 193, 147, 147, 147, 157, 147, 147, 148, 147, 173, 147, 181, 150, 180, 147, 150, 147, 147, 157, 189, 147, 196, 147, 147, 147, 155, 147, 147, 147, 166, 182, 147]
[149, 147, 156, 147, 147, 153, 164, 147, 158, 147, 149, 167, 147, 150, 147, 147, 161, 160, 152, 160, 147, 154, 147, 147, 147, 147, 160, 147, 147, 156, 147, 147, 147, 152, 168, 147, 147, 147, 157, 159, 162, 147, 151, 148, 160, 151, 153, 147, 147, 163, 152, 150, 173, 154, 150, 149, 147, 149, 172, 151, 163, 173, 153, 147, 147, 147, 147, 153, 147, 156, 149, 147]
[153, 147, 156, 147, 147, 149, 161, 147, 156, 147, 147, 166, 147, 152, 147, 147, 160, 158, 152, 154, 147, 150, 151, 147, 147, 154, 158, 147, 147, 154, 147, 147, 147, 151, 170, 147, 147, 149, 157, 155, 167, 147, 155, 148, 157, 151, 147, 147, 147, 167, 147, 148, 167, 159, 148, 152, 147, 147, 172, 154, 159, 181, 151, 147, 147, 147, 147, 148, 147, 157, 153, 147]
[179, 147, 169, 147, 188, 147, 158, 147, 147, 166, 147, 188, 147, 147, 171, 147, 147, 171, 155, 147, 147, 153, 155, 147, 160, 168, 172, 147, 147, 147, 169, 147, 147, 148, 204, 147, 153, 178, 147, 147, 186, 147, 151, 147, 161, 161, 147, 161, 147, 190, 147, 177, 152, 198, 147, 164, 147, 147, 170, 202, 147, 197, 147, 147, 147, 147, 147, 147, 147, 170, 191, 147]
[154, 147, 166, 147, 147, 148, 160, 147, 153, 147, 147, 166, 147, 147, 147, 147, 160, 161, 151, 159, 147, 153, 147, 147, 154, 151, 160, 147, 147, 154, 148, 147, 147, 148, 165, 147, 147, 150, 149, 158, 159, 147, 152, 154, 162, 151, 147, 147, 149, 180, 147, 147, 168, 158, 159, 152, 147, 147, 170, 157, 157, 177, 150, 147, 147, 147, 147, 152, 147, 152, 154, 147]
[154, 147, 166, 147, 147, 148, 160, 147, 153, 147, 147, 166, 147, 147, 147, 147, 160, 161, 151, 159, 147, 153, 147, 147, 154, 151, 160, 147, 147, 154, 148, 147, 147, 148, 165, 147, 147, 150, 149, 158, 159, 147, 152, 154, 162, 151, 147, 147, 149, 180, 147, 147, 168, 158, 159, 152, 147, 147, 170, 157, 157, 177, 150, 147, 147, 147, 147, 152, 147, 152, 154, 147]
[154, 149, 149, 147, 148, 147, 150, 147, 149, 147, 147, 148, 147, 147, 153, 147, 150, 150, 147, 148, 148, 150, 147, 147, 148, 147, 147, 147, 150, 147, 147, 149, 147, 148, 147, 147, 147, 149, 148, 148, 149, 147, 147, 147, 150, 147, 148, 147, 148, 151, 147, 147, 148, 147, 149, 147, 147, 148, 147, 148, 151, 151, 149, 147, 148, 147, 148, 150, 147, 147, 147, 149]
[154, 149, 149, 147, 148, 147, 150, 147, 149, 147, 147, 148, 147, 147, 153, 147, 150, 150, 147, 148, 148, 150, 147, 147, 148, 147, 147, 147, 150, 147, 147, 149, 147, 148, 147, 147, 147, 149, 148, 148, 149, 147, 147, 147, 150, 147, 148, 147, 148, 151, 147, 147, 148, 147, 149, 147, 147, 148, 147, 148, 151, 151, 149, 147, 148, 147, 148, 150, 147, 147, 147, 149]
[154, 149, 149, 147, 148, 147, 150, 147, 149, 147, 147, 148, 147, 147, 153, 147, 150, 150, 147, 148, 148, 150, 147, 147, 148, 147, 147, 147, 150, 147, 147, 149, 147, 148, 147, 147, 147, 149, 148, 148, 149, 147, 147, 147, 150, 147, 148, 147, 148, 151, 147, 147, 148, 147, 149, 147, 147, 148, 147, 148, 151, 151, 149, 147, 148, 147, 148, 150, 147, 147, 147, 149]
[154, 149, 149, 147, 148, 147, 150, 147, 149, 147, 147, 148, 147, 147, 153, 147, 150, 150, 147, 148, 148, 150, 147, 147, 148, 147, 147, 147, 150, 147, 147, 149, 147, 148, 147, 147, 147, 149, 148, 148, 149, 147, 147, 147, 150, 147, 148, 147, 148, 151, 147, 147, 148, 147, 149, 147, 147, 148, 147, 148, 151, 151, 149, 147, 148, 147, 148, 150, 147, 147, 147, 149]
[154, 149, 149, 147, 148, 147, 150, 147, 149, 147, 147, 148, 147, 147, 153, 147, 150, 150, 147, 148, 148, 150, 147, 147, 148, 147, 147, 147, 150, 147, 147, 149, 147, 148, 147, 147, 147, 149, 148, 148, 149, 147, 147, 147, 150, 147, 148, 147, 148, 151, 147, 147, 148, 147, 149, 147, 147, 148, 147, 148, 151, 151, 149, 147, 148, 147, 148, 150, 147, 147, 147, 149]
[154, 149, 149, 147, 148, 147, 150, 147, 149, 147, 147, 148, 147, 147, 153, 147, 150, 150, 147, 148, 148, 150, 147, 147, 148, 147, 147, 147, 150, 147, 147, 149, 147, 148, 147, 147, 147, 149, 148, 148, 149, 147, 147, 147, 150, 147, 148, 147, 148, 151, 147, 147, 148, 147, 149, 147, 147, 148, 147, 148, 151, 151, 149, 147, 148, 147, 148, 150, 147, 147, 147, 149]
[154, 149, 149, 147, 148, 147, 150, 147, 149, 147, 147, 148, 147, 147, 153, 147, 150, 150, 147, 148, 148, 150, 147, 147, 148, 147, 147, 147, 150, 147, 147, 149, 147, 148, 147, 147, 147, 149, 148, 148, 149, 147, 147, 147, 150, 147, 148, 147, 148, 151, 147, 147, 148, 147, 149, 147, 147, 148, 147, 148, 151, 151, 149, 147, 148, 147, 148, 150, 147, 147, 147, 149]
[154, 149, 149, 147, 148, 147, 150, 147, 149, 147, 147, 148, 147, 147, 153, 147, 150, 150, 147, 148, 148, 150, 147, 147, 148, 147, 147, 147, 150, 147, 147, 149, 147, 148, 147, 147, 147, 149, 148, 148, 149, 147, 147, 147, 150, 147, 148, 147, 148, 151, 147, 147, 148, 147, 149, 147, 147, 148, 147, 148, 151, 151, 149, 147, 148, 147, 148, 150, 147, 147, 147, 149]
[154, 149, 149, 147, 148, 147, 150, 147, 149, 147, 147, 148, 147, 147, 153, 147, 150, 150, 147, 148, 148, 150, 147, 147, 148, 147, 147, 147, 150, 147, 147, 149, 147, 148, 147, 147, 147, 149, 148, 148, 149, 147, 147, 147, 150, 147, 148, 147, 148, 151, 147, 147, 148, 147, 149, 147, 147, 148, 147, 148, 151, 151, 149, 147, 148, 147, 148, 150, 147, 147, 147, 149]
[154, 149, 149, 147, 148, 147, 150, 147, 149, 147, 147, 148, 147, 147, 153, 147, 150, 150, 147, 148, 148, 150, 147, 147, 148, 147, 147, 147, 150, 147, 147, 149, 147, 148, 147, 147, 147, 149, 148, 148, 149, 147, 147, 147, 150, 147, 148, 147, 148, 151, 147, 147, 148, 147, 149, 147, 147, 148, 147, 148, 151, 151, 149, 147, 148, 147, 148, 150, 147, 147, 147, 149]
[154, 149, 149, 147, 148, 147, 150, 147, 149, 147, 147, 148, 147, 147, 153, 147, 150, 150, 147, 148, 148, 150, 147, 147, 148, 147, 147, 147, 150, 147, 147, 149, 147, 148, 147, 147, 147, 149, 148, 148, 149, 147, 147, 147, 150, 147, 148, 147, 148, 151, 147, 147, 148, 147, 149, 147, 147, 148, 147, 148, 151, 151, 149, 147, 148, 147, 148, 150, 147, 147, 147, 149]
[154, 149, 149, 147, 148, 147, 150, 147, 149, 147, 147, 148, 147, 147, 153, 147, 150, 150, 147, 148, 148, 150, 147, 147, 148, 147, 147, 147, 150, 147, 147, 149, 147, 148, 147, 147, 147, 149, 148, 148, 149, 147, 147, 147, 150, 147, 148, 147, 148, 151, 147, 147, 148, 147, 149, 147, 147, 148, 147, 148, 151, 151, 149, 147, 148, 147, 148, 150, 147, 147, 147, 149]
[154, 149, 149, 147, 148, 147, 150, 147, 149, 147, 147, 148, 147, 147, 153, 147, 150, 150, 147, 148, 148, 150, 147, 147, 148, 147, 147, 147, 150, 147, 147, 149, 147, 148, 147, 147, 147, 149, 148, 148, 149, 147, 147, 147, 150, 147, 148, 147, 148, 151, 147, 147, 148, 147, 149, 147, 147, 148, 147, 148, 151, 151, 149, 147, 148, 147, 148, 150, 147, 147, 147, 149]
[154, 149, 149, 147, 148, 147, 150, 147, 149, 147, 147, 148, 147, 147, 153, 147, 150, 150, 147, 148, 148, 150, 147, 147, 148, 147, 147, 147, 150, 147, 147, 149, 147, 148, 147, 147, 147, 149, 148, 148, 149, 147, 147, 147, 150, 147, 148, 147, 148, 151, 147, 147, 148, 147, 149, 147, 147, 148, 147, 148, 151, 151, 149, 147, 148, 147, 148, 150, 147, 147, 147, 149]
[154, 149, 149, 147, 148, 147, 150, 147, 149, 147, 147, 148, 147, 147, 153, 147, 150, 150, 147, 148, 148, 150, 147, 147, 148, 147, 147, 147, 150, 147, 147, 149, 147, 148, 147, 147, 147, 149, 148, 148, 149, 147, 147, 147, 150, 147, 148, 147, 148, 151, 147, 147, 148, 147, 149, 147, 147, 148, 147, 148, 151, 151, 149, 147, 148, 147, 148, 150, 147, 147, 147, 149]
[154, 149, 149, 147, 148, 147, 150, 147, 149, 147, 147, 148, 147, 147, 153, 147, 150, 150, 147, 148, 148, 150, 147, 147, 148, 147, 147, 147, 150, 147, 147, 149, 147, 148, 147, 147, 147, 149, 148, 148, 149, 147, 147, 147, 150, 147, 148, 147, 148, 151, 147, 147, 148, 147, 149, 147, 147, 148, 147, 148, 151, 151, 149, 147, 148, 147, 148, 150, 147, 147, 147, 149]
[154, 149, 149, 147, 148, 147, 150, 147, 149, 147, 147, 148, 147, 147, 153, 147, 150, 150, 147, 148, 148, 150, 147, 147, 148, 147, 147, 147, 150, 147, 147, 149, 147, 148, 147, 147, 147, 149, 148, 148, 149, 147, 147, 147, 150, 147, 148, 147, 148, 151, 147, 147, 148, 147, 149, 147, 147, 148, 147, 148, 151, 151, 149, 147, 148, 147, 148, 150, 147, 147, 147, 149]
[154, 149, 149, 147, 148, 147, 150, 147, 149, 147, 147, 148, 147, 147, 153, 147, 150, 150, 147, 148, 148, 150, 147, 147, 148, 147, 147, 147, 150, 147, 147, 149, 147, 148, 147, 147, 147, 149, 148, 148, 149, 147, 147, 147, 150, 147, 148, 147, 148, 151, 147, 147, 148, 147, 149, 147, 147, 148, 147, 148, 151, 151, 149, 147, 148, 147, 148, 150, 147, 147, 147, 149]
