[136, 138, 136, 136, 136, 141, 136, 155, 164, 149, 142, 136, 136, 136, 136, 136, 136, 159, 145, 136, 136, 136, 136, 136, 155, 168, 136, 136, 136, 153, 136, 187, 136, 136, 136, 140, 136, 136, 136, 136, 136, 138, 136, 147, 182, 136, 136, 140, 156, 136, 136, 136, 136, 173, 166, 144, 142, 148, 136, 136, 136, 136, 136, 154, 136, 149, 136, 136, 179, 136, 136, 136]
[136, 136, 136, 136, 136, 139, 136, 153, 166, 147, 142, 136, 136, 136, 136, 136, 136, 157, 145, 136, 136, 136, 136, 136, 149, 170, 136, 136, 136, 151, 136, 187, 136, 136, 136, 141, 136, 136, 136, 136, 136, 144, 136, 144, 184, 136, 136, 139, 160, 136, 136, 136, 136, 181, 172, 145, 142, 148, 136, 136, 136, 136, 136, 157, 136, 152, 136, 136, 189, 136, 136, 136]
[136, 136, 136, 136, 136, 138, 136, 151, 167, 147, 142, 136, 136, 136, 136, 136, 136, 155, 145, 136, 136, 136, 136, 136, 148, 171, 136, 136, 137, 150, 136, 186, 136, 136, 136, 141, 136, 136, 136, 136, 136, 146, 136, 145, 183, 136, 136, 138, 161, 136, 136, 136, 136, 183, 173, 146, 142, 147, 136, 136, 136, 136, 136, 157, 136, 151, 136, 136, 191, 136, 136, 136]
[136, 138, 136, 136, 136, 141, 136, 155, 164, 149, 142, 136, 136, 136, 136, 136, 136, 159, 145, 136, 136, 136, 136, 136, 155, 168, 136, 136, 136, 153, 136, 187, 136, 136, 136, 140, 136, 136, 136, 136, 136, 138, 136, 147, 182, 136, 136, 140, 156, 136, 136, 136, 136, 173, 166, 144, 142, 148, 136, 136, 136, 136, 136, 154, 136, 149, 136, 136, 179, 136, 136, 136]
[136, 136, 136, 136, 136, 139, 136, 152, 164, 139, 142, 136, 136, 136, 136, 136, 136, 158, 147, 136, 145, 136, 136, 136, 145, 173, 136, 136, 142, 153, 136, 190, 136, 136, 136, 142, 136, 136, 136, 136, 136, 153, 136, 146, 193, 136, 136, 140, 167, 138, 136, 136, 136, 197, 177, 147, 147, 148, 136, 136, 136, 136, 136, 158, 136, 145, 136, 136, 207, 136, 136, 136]
[136, 136, 144, 136, 136, 142, 136, 153, 157, 136, 141, 145, 136, 136, 136, 136, 136, 167, 145, 136, 161, 136, 136, 136, 136, 168, 136, 136, 142, 163, 136, 182, 136, 136, 136, 145, 136, 136, 136, 136, 136, 154, 136, 146, 193, 136, 136, 143, 160, 146, 136, 136, 136, 207, 169, 147, 149, 156, 136, 136, 136, 136, 136, 154, 136, 138, 136, 136, 208, 136, 136, 136]
[136, 136, 154, 136, 136, 154, 136, 172, 136, 136, 142, 181, 136, 136, 136, 136, 136, 211, 160, 136, 201, 136, 136, 136, 137, 161, 136, 136, 136, 205, 136, 156, 136, 146, 136, 169, 136, 136, 159, 136, 136, 136, 136, 165, 211, 136, 136, 167, 152, 138, 136, 136, 136, 191, 136, 166, 154, 181, 145, 144, 188, 136, 136, 151, 145, 136, 136, 144, 182, 136, 136, 136]
[136, 136, 149, 136, 136, 154, 136, 181, 136, 136, 149, 185, 155, 136, 136, 136, 136, 194, 165, 136, 194, 136, 136, 136, 140, 145, 136, 136, 136, 210, 136, 136, 136, 164, 136, 172, 136, 136, 179, 136, 136, 136, 136, 182, 171, 136, 136, 162, 136, 136, 136, 136, 136, 158, 136, 157, 141, 169, 141, 168, 224, 136, 136, 136, 163, 136, 136, 148, 136, 136, 136, 141]
[136, 136, 136, 136, 136, 152, 136, 180, 136, 136, 156, 169, 152, 136, 136, 136, 136, 188, 165, 136, 171, 136, 136, 136, 140, 147, 136, 144, 136, 197, 136, 136, 136, 171, 136, 163, 136, 136, 169, 136, 136, 136, 136, 185, 159, 136, 136, 160, 136, 140, 136, 138, 136, 146, 136, 159, 139, 163, 139, 169, 215, 136, 136, 136, 160, 136, 136, 148, 136, 136, 136, 142]
[136, 136, 136, 136, 136, 146, 136, 178, 136, 138, 162, 155, 143, 136, 136, 136, 136, 187, 170, 136, 152, 136, 136, 136, 141, 154, 136, 153, 136, 187, 136, 136, 136, 173, 136, 152, 136, 136, 158, 136, 136, 136, 136, 186, 160, 136, 136, 161, 136, 138, 136, 138, 136, 146, 136, 156, 141, 161, 141, 168, 201, 136, 136, 136, 156, 136, 136, 150, 136, 136, 136, 146]
[136, 138, 136, 136, 136, 145, 136, 177, 140, 155, 166, 137, 136, 136, 136, 136, 136, 185, 173, 136, 136, 136, 136, 136, 141, 167, 136, 164, 136, 178, 136, 136, 136, 166, 136, 142, 136, 136, 141, 136, 136, 136, 136, 181, 166, 136, 136, 165, 144, 136, 136, 140, 136, 143, 136, 157, 143, 159, 141, 166, 177, 136, 136, 151, 147, 136, 149, 155, 136, 136, 136, 149]
[136, 141, 136, 136, 136, 148, 136, 178, 153, 172, 172, 136, 136, 136, 136, 136, 136, 173, 166, 136, 136, 136, 136, 136, 140, 166, 136, 177, 136, 162, 136, 136, 136, 162, 136, 136, 136, 136, 136, 136, 136, 136, 136, 171, 157, 136, 136, 164, 148, 139, 136, 142, 136, 136, 140, 158, 149, 151, 136, 158, 152, 136, 136, 162, 141, 136, 164, 149, 136, 136, 142, 147]
[136, 147, 136, 136, 136, 153, 136, 183, 166, 189, 171, 136, 136, 136, 136, 136, 136, 171, 167, 136, 136, 136, 136, 136, 151, 170, 136, 192, 136, 153, 136, 144, 136, 159, 144, 137, 136, 136, 136, 136, 136, 136, 136, 171, 152, 136, 139, 162, 154, 141, 136, 143, 136, 136, 144, 163, 151, 145, 136, 154, 138, 136, 136, 175, 138, 136, 171, 145, 136, 136, 152, 141]
[136, 154, 136, 136, 136, 157, 136, 184, 169, 196, 176, 136, 136, 136, 136, 136, 136, 167, 166, 136, 136, 136, 136, 136, 166, 168, 136, 201, 136, 147, 136, 136, 136, 162, 148, 141, 136, 136, 136, 137, 136, 136, 136, 174, 141, 136, 141, 158, 157, 140, 136, 146, 136, 136, 142, 165, 149, 140, 136, 157, 143, 136, 136, 178, 141, 140, 177, 146, 136, 136, 163, 147]
[136, 162, 136, 141, 136, 151, 136, 177, 178, 204, 186, 136, 136, 136, 136, 136, 136, 159, 162, 136, 136, 136, 136, 136, 163, 168, 142, 207, 136, 136, 136, 136, 136, 163, 156, 138, 136, 136, 136, 149, 136, 136, 136, 168, 136, 136, 144, 152, 157, 145, 141, 146, 136, 136, 150, 163, 151, 136, 136, 152, 140, 136, 136, 182, 136, 146, 190, 140, 136, 136, 174, 151]
[136, 165, 136, 144, 136, 144, 136, 174, 181, 201, 194, 136, 136, 136, 136, 136, 136, 161, 169, 136, 136, 136, 136, 136, 158, 179, 137, 209, 136, 136, 136, 136, 136, 164, 153, 136, 136, 136, 136, 156, 136, 136, 136, 172, 136, 136, 143, 154, 158, 140, 137, 150, 136, 136, 161, 156, 150, 138, 136, 155, 136, 136, 136, 179, 136, 143, 192, 149, 136, 136, 173, 158]
[136, 165, 136, 148, 136, 136, 136, 160, 177, 187, 198, 136, 136, 136, 136, 136, 136, 156, 172, 136, 136, 136, 136, 136, 142, 181, 136, 201, 136, 136, 136, 136, 136, 160, 147, 136, 136, 136, 136, 166, 136, 136, 136, 166, 139, 136, 138, 153, 155, 137, 138, 152, 136, 136, 169, 146, 149, 140, 136, 154, 136, 136, 136, 166, 136, 137, 192, 152, 136, 136, 172, 163]
[136, 161, 136, 151, 136, 136, 136, 151, 174, 180, 201, 136, 136, 136, 136, 136, 136, 156, 176, 136, 136, 136, 136, 136, 136, 183, 136, 197, 136, 136, 136, 136, 136, 159, 144, 136, 136, 136, 136, 167, 136, 136, 136, 163, 142, 136, 137, 154, 158, 139, 136, 149, 136, 136, 174, 143, 150, 139, 136, 150, 136, 136, 136, 162, 136, 136, 191, 152, 136, 136, 169, 163]
[136, 150, 136, 155, 136, 136, 136, 136, 159, 157, 194, 136, 136, 136, 136, 136, 136, 148, 169, 136, 136, 136, 136, 136, 136, 172, 136, 177, 136, 136, 136, 136, 136, 150, 136, 136, 136, 136, 136, 159, 136, 140, 136, 150, 144, 136, 139, 153, 155, 144, 136, 143, 136, 136, 172, 136, 151, 137, 136, 141, 136, 136, 136, 150, 136, 136, 181, 148, 144, 136, 152, 160]
[136, 136, 136, 153, 136, 136, 136, 136, 149, 139, 190, 136, 136, 136, 136, 136, 136, 152, 171, 136, 136, 136, 136, 136, 136, 166, 136, 158, 136, 136, 136, 136, 136, 148, 136, 136, 136, 136, 136, 151, 136, 148, 137, 142, 157, 136, 137, 158, 153, 144, 136, 139, 136, 142, 171, 136, 152, 143, 148, 136, 136, 136, 136, 143, 136, 136, 170, 147, 154, 136, 136, 152]
[136, 136, 138, 153, 136, 136, 136, 136, 141, 136, 187, 136, 136, 136, 140, 136, 136, 146, 169, 136, 136, 136, 138, 136, 136, 164, 136, 152, 136, 136, 136, 136, 136, 145, 136, 136, 136, 136, 136, 152, 136, 155, 138, 141, 153, 136, 137, 154, 153, 145, 136, 138, 136, 146, 169, 136, 151, 137, 148, 136, 136, 136, 136, 136, 136, 136, 169, 147, 158, 136, 138, 151]
[136, 136, 151, 155, 136, 136, 136, 136, 139, 136, 172, 136, 136, 136, 141, 136, 143, 144, 164, 136, 136, 138, 142, 136, 136, 155, 136, 142, 136, 136, 136, 136, 136, 146, 136, 136, 136, 148, 136, 142, 136, 157, 137, 136, 157, 136, 146, 158, 150, 154, 136, 136, 136, 151, 162, 136, 153, 136, 151, 136, 136, 136, 136, 137, 136, 136, 158, 136, 163, 136, 136, 136]
[136, 136, 159, 147, 136, 136, 136, 136, 136, 136, 171, 146, 136, 136, 150, 136, 149, 143, 162, 136, 136, 141, 141, 136, 136, 153, 136, 136, 136, 136, 136, 136, 136, 148, 136, 136, 136, 148, 136, 143, 136, 158, 136, 136, 154, 136, 145, 156, 146, 151, 136, 143, 136, 149, 157, 136, 145, 144, 153, 136, 136, 136, 136, 136, 136, 136, 149, 137, 159, 136, 136, 136]
[136, 136, 159, 145, 136, 136, 136, 136, 136, 136, 172, 147, 143, 136, 152, 136, 154, 138, 160, 136, 136, 150, 149, 136, 136, 147, 136, 136, 136, 136, 136, 136, 136, 151, 136, 136, 142, 154, 136, 148, 136, 158, 136, 137, 148, 136, 142, 152, 142, 153, 136, 149, 136, 142, 151, 136, 145, 138, 156, 136, 136, 136, 136, 136, 136, 136, 149, 138, 151, 136, 139, 136]
[136, 136, 159, 147, 136, 136, 136, 136, 136, 136, 172, 146, 142, 136, 152, 136, 156, 136, 158, 136, 136, 150, 149, 136, 136, 144, 136, 136, 138, 136, 136, 136, 136, 152, 136, 136, 142, 155, 136, 149, 136, 159, 136, 136, 145, 136, 143, 149, 143, 155, 136, 147, 136, 140, 150, 136, 144, 136, 154, 136, 136, 136, 136, 136, 136, 136, 152, 137, 150, 136, 140, 137]
[137, 136, 167, 146, 136, 136, 136, 136, 136, 136, 171, 146, 143, 136, 155, 136, 162, 138, 163, 136, 136, 150, 151, 136, 136, 138, 136, 136, 141, 136, 136, 136, 136, 154, 136, 136, 140, 163, 138, 148, 136, 161, 140, 136, 149, 136, 138, 152, 143, 155, 136, 145, 138, 139, 148, 136, 146, 136, 160, 136, 136, 136, 136, 136, 136, 136, 151, 136, 148, 136, 137, 136]
[136, 136, 176, 136, 136, 136, 136, 136, 136, 136, 162, 155, 148, 145, 157, 136, 167, 139, 161, 136, 136, 146, 150, 136, 136, 136, 136, 136, 147, 136, 136, 136, 136, 158, 136, 136, 143, 162, 148, 137, 136, 163, 140, 136, 151, 136, 136, 153, 137, 153, 136, 143, 140, 141, 136, 136, 144, 136, 163, 136, 136, 136, 136, 136, 138, 136, 139, 136, 143, 136, 136, 136]
[136, 136, 181, 136, 136, 136, 136, 136, 136, 136, 161, 162, 152, 147, 161, 136, 170, 141, 160, 136, 136, 148, 147, 136, 136, 136, 136, 136, 149, 139, 136, 136, 136, 158, 136, 136, 147, 156, 148, 136, 136, 166, 137, 139, 148, 136, 136, 150, 136, 149, 136, 143, 142, 145, 136, 136, 136, 136, 167, 136, 136, 136, 136, 136, 142, 136, 136, 136, 145, 136, 136, 136]
[136, 136, 183, 136, 136, 136, 136, 136, 136, 136, 160, 164, 151, 144, 159, 136, 170, 143, 158, 136, 139, 145, 143, 136, 136, 136, 136, 136, 149, 139, 136, 136, 136, 158, 136, 136, 147, 156, 147, 136, 136, 167, 138, 140, 150, 136, 136, 150, 136, 150, 136, 143, 144, 150, 136, 136, 136, 136, 165, 136, 136, 136, 136, 136, 141, 136, 136, 136, 148, 136, 136, 136]
[136, 136, 182, 136, 136, 136, 136, 136, 136, 136, 165, 164, 153, 144, 158, 136, 169, 142, 159, 136, 136, 149, 145, 136, 136, 136, 136, 136, 147, 140, 136, 136, 136, 160, 136, 136, 147, 154, 147, 136, 136, 165, 138, 142, 146, 136, 136, 149, 136, 149, 136, 147, 144, 145, 136, 136, 136, 138, 166, 136, 136, 136, 136, 136, 144, 136, 136, 136, 145, 136, 136, 136]
[136, 136, 170, 136, 136, 136, 136, 136, 136, 136, 161, 157, 146, 147, 158, 136, 167, 136, 159, 136, 136, 153, 150, 136, 136, 136, 136, 136, 147, 140, 136, 136, 136, 154, 136, 136, 148, 148, 145, 137, 136, 164, 136, 146, 140, 136, 136, 150, 143, 142, 136, 145, 139, 144, 136, 136, 136, 137, 163, 136, 136, 136, 136, 136, 141, 136, 136, 137, 148, 136, 136, 136]
[136, 136, 174, 136, 136, 136, 136, 136, 136, 136, 158, 164, 149, 150, 157, 136, 166, 136, 154, 136, 140, 149, 144, 136, 136, 136, 136, 136, 149, 146, 136, 136, 136, 152, 136, 136, 150, 145, 148, 136, 136, 165, 136, 145, 142, 136, 136, 147, 140, 143, 136, 144, 137, 148, 136, 136, 136, 141, 159, 136, 136, 136, 136, 136, 143, 136, 136, 136, 151, 136, 136, 136]
[136, 136, 165, 136, 136, 136, 136, 136, 136, 136, 159, 152, 143, 143, 150, 136, 161, 136, 157, 136, 136, 146, 136, 136, 136, 137, 136, 136, 144, 141, 136, 136, 136, 155, 136, 136, 142, 137, 144, 136, 136, 160, 136, 149, 137, 136, 136, 148, 144, 145, 136, 140, 136, 145, 136, 136, 136, 136, 157, 136, 136, 136, 136, 136, 141, 136, 136, 136, 148, 136, 136, 136]
[140, 138, 159, 136, 136, 136, 136, 136, 136, 136, 159, 154, 158, 150, 147, 136, 158, 136, 151, 136, 137, 150, 136, 136, 136, 136, 136, 136, 147, 148, 136, 136, 136, 160, 136, 136, 148, 136, 150, 136, 136, 155, 136, 149, 136, 136, 139, 146, 136, 142, 140, 148, 136, 136, 136, 136, 136, 136, 154, 138, 146, 136, 136, 136, 152, 136, 139, 136, 136, 136, 147, 139]
[140, 140, 154, 136, 136, 136, 136, 136, 136, 136, 164, 152, 165, 150, 147, 136, 156, 136, 146, 136, 136, 158, 140, 136, 136, 136, 136, 136, 146, 150, 141, 136, 136, 163, 136, 143, 152, 136, 142, 138, 136, 153, 136, 153, 136, 136, 139, 139, 137, 147, 142, 155, 139, 136, 136, 136, 136, 136, 159, 143, 141, 136, 136, 136, 156, 136, 138, 136, 136, 136, 154, 142]
[137, 136, 161, 136, 136, 136, 136, 136, 136, 136, 152, 152, 163, 151, 136, 136, 152, 136, 144, 136, 147, 150, 136, 136, 136, 136, 136, 136, 144, 149, 145, 136, 136, 162, 136, 152, 148, 136, 153, 136, 140, 152, 136, 153, 136, 136, 144, 144, 136, 153, 140, 148, 142, 136, 136, 136, 136, 136, 151, 136, 144, 136, 136, 136, 156, 136, 136, 136, 136, 136, 147, 136]
[145, 145, 139, 137, 136, 136, 136, 136, 136, 136, 146, 136, 136, 142, 136, 136, 139, 140, 143, 136, 142, 136, 136, 136, 136, 136, 136, 141, 144, 136, 140, 136, 136, 155, 143, 149, 136, 136, 154, 136, 141, 145, 146, 155, 136, 136, 145, 149, 145, 159, 141, 136, 138, 136, 136, 149, 145, 136, 136, 136, 143, 156, 136, 136, 138, 136, 155, 136, 136, 136, 146, 136]
[147, 137, 141, 148, 136, 136, 136, 136, 136, 136, 156, 136, 136, 136, 136, 136, 141, 140, 148, 136, 136, 139, 136, 136, 136, 136, 136, 146, 141, 136, 136, 136, 136, 154, 142, 142, 136, 138, 146, 136, 136, 146, 152, 146, 136, 136, 144, 150, 147, 164, 137, 136, 141, 136, 136, 148, 151, 136, 136, 136, 136, 149, 136, 136, 136, 136, 161, 136, 136, 136, 148, 136]
[143, 136, 139, 148, 136, 136, 136, 136, 137, 142, 163, 136, 136, 136, 136, 136, 137, 149, 159, 136, 136, 136, 136, 136, 136, 136, 136, 150, 136, 136, 136, 136, 136, 157, 144, 142, 136, 138, 148, 136, 136, 141, 155, 143, 136, 136, 142, 155, 148, 165, 136, 136, 141, 136, 136, 154, 157, 136, 141, 136, 136, 138, 136, 143, 136, 136, 161, 136, 136, 136, 148, 136]
[145, 139, 136, 138, 136, 151, 136, 148, 152, 176, 159, 136, 136, 136, 136, 136, 136, 163, 167, 136, 136, 136, 136, 136, 166, 146, 136, 185, 136, 136, 136, 136, 136, 163, 162, 159, 136, 136, 136, 136, 136, 136, 152, 165, 136, 136, 144, 155, 164, 165, 136, 136, 136, 136, 136, 172, 153, 136, 136, 139, 136, 138, 136, 171, 136, 142, 172, 136, 136, 136, 167, 136]
[136, 137, 136, 138, 136, 157, 136, 160, 159, 190, 165, 136, 136, 136, 136, 136, 136, 165, 170, 136, 136, 136, 136, 136, 179, 153, 136, 198, 136, 136, 136, 136, 136, 166, 165, 161, 136, 136, 136, 136, 136, 136, 149, 164, 136, 136, 147, 153, 160, 165, 136, 136, 136, 136, 142, 174, 152, 136, 136, 140, 136, 136, 136, 178, 136, 143, 173, 136, 136, 136, 174, 136]
[136, 136, 136, 136, 136, 170, 136, 168, 159, 200, 162, 136, 136, 136, 136, 136, 136, 172, 166, 136, 136, 136, 136, 136, 194, 148, 136, 205, 136, 136, 136, 136, 136, 170, 168, 173, 136, 136, 136, 136, 146, 136, 146, 164, 136, 136, 151, 155, 159, 172, 136, 136, 136, 136, 136, 185, 151, 136, 136, 136, 136, 136, 136, 190, 136, 143, 163, 136, 136, 136, 174, 136]
[136, 136, 136, 136, 136, 174, 136, 173, 153, 207, 159, 136, 136, 136, 136, 136, 136, 176, 171, 136, 136, 136, 136, 136, 199, 146, 149, 205, 136, 136, 136, 136, 136, 167, 171, 177, 136, 136, 141, 136, 148, 136, 147, 158, 136, 136, 153, 162, 159, 169, 136, 136, 136, 136, 136, 195, 157, 136, 136, 136, 137, 136, 136, 200, 137, 145, 164, 136, 136, 136, 169, 136]
[139, 137, 136, 136, 136, 171, 136, 168, 153, 198, 161, 136, 136, 136, 136, 136, 136, 170, 170, 136, 136, 136, 136, 136, 192, 148, 149, 198, 136, 136, 136, 136, 136, 161, 168, 173, 136, 136, 137, 136, 143, 136, 149, 156, 136, 136, 152, 158, 163, 169, 136, 136, 136, 136, 136, 190, 158, 136, 136, 136, 138, 137, 136, 198, 136, 151, 171, 136, 136, 136, 167, 136]
[142, 136, 136, 145, 136, 169, 136, 164, 157, 197, 157, 136, 136, 136, 136, 136, 136, 166, 167, 136, 136, 136, 136, 136, 188, 145, 153, 199, 136, 136, 138, 136, 136, 161, 172, 171, 136, 136, 136, 136, 147, 136, 149, 153, 136, 136, 157, 156, 163, 173, 136, 136, 136, 136, 136, 189, 159, 136, 136, 136, 136, 140, 136, 202, 136, 162, 173, 136, 136, 136, 167, 136]
[136, 136, 136, 142, 136, 166, 136, 160, 158, 196, 161, 136, 136, 136, 136, 136, 136, 171, 172, 136, 136, 136, 136, 136, 187, 149, 150, 201, 136, 136, 136, 136, 136, 162, 168, 172, 136, 136, 136, 136, 142, 136, 150, 152, 136, 136, 157, 158, 163, 173, 136, 136, 136, 136, 141, 190, 158, 136, 136, 136, 136, 136, 136, 204, 136, 156, 171, 136, 136, 136, 165, 136]
[142, 136, 136, 151, 136, 165, 136, 158, 159, 187, 150, 136, 136, 136, 136, 136, 136, 164, 167, 136, 136, 136, 136, 136, 171, 139, 160, 187, 136, 136, 139, 136, 136, 157, 169, 168, 136, 136, 136, 136, 149, 136, 148, 141, 136, 136, 166, 159, 159, 176, 136, 136, 136, 136, 136, 189, 163, 136, 136, 136, 136, 143, 136, 204, 136, 168, 167, 136, 136, 136, 157, 136]
[142, 136, 136, 146, 136, 160, 136, 150, 143, 170, 146, 136, 136, 136, 136, 136, 136, 161, 158, 136, 136, 136, 136, 136, 159, 137, 157, 168, 136, 136, 141, 136, 136, 147, 158, 165, 136, 136, 145, 136, 143, 136, 155, 136, 136, 136, 159, 156, 155, 172, 136, 136, 137, 136, 136, 185, 165, 136, 136, 136, 136, 152, 136, 190, 136, 159, 158, 136, 136, 136, 142, 136]
[152, 136, 136, 156, 136, 152, 136, 140, 142, 166, 142, 136, 136, 136, 136, 136, 136, 148, 151, 136, 136, 136, 136, 136, 151, 136, 164, 170, 136, 136, 143, 136, 136, 147, 162, 165, 136, 136, 144, 136, 146, 136, 162, 136, 136, 136, 160, 148, 154, 178, 136, 136, 138, 136, 136, 179, 167, 136, 136, 136, 136, 166, 136, 191, 136, 165, 163, 136, 136, 136, 146, 136]
[151, 150, 136, 141, 136, 154, 136, 153, 143, 153, 136, 136, 136, 136, 136, 136, 136, 138, 137, 136, 138, 136, 136, 137, 152, 136, 153, 152, 136, 136, 148, 136, 136, 136, 161, 158, 136, 136, 140, 136, 156, 136, 146, 141, 136, 136, 150, 136, 144, 162, 146, 136, 141, 137, 136, 161, 151, 136, 136, 136, 136, 173, 136, 165, 136, 161, 150, 136, 136, 136, 147, 136]
[136, 136, 136, 136, 136, 142, 136, 148, 162, 141, 139, 136, 136, 136, 136, 136, 136, 158, 144, 136, 138, 136, 136, 136, 143, 163, 136, 136, 136, 146, 136, 181, 136, 136, 136, 145, 136, 136, 136, 136, 136, 147, 136, 142, 180, 136, 136, 141, 160, 142, 136, 136, 136, 183, 168, 150, 146, 140, 136, 136, 136, 136, 136, 158, 136, 154, 136, 136, 190, 136, 136, 136]
[136, 136, 136, 136, 136, 143, 136, 150, 168, 149, 139, 136, 136, 136, 136, 136, 136, 159, 145, 136, 136, 136, 136, 136, 149, 167, 136, 136, 136, 147, 136, 187, 136, 136, 136, 145, 136, 136, 136, 136, 136, 142, 136, 142, 184, 136, 136, 141, 162, 140, 136, 136, 136, 182, 172, 151, 145, 141, 136, 136, 136, 136, 136, 162, 136, 156, 136, 136, 190, 136, 136, 136]
[136, 136, 136, 136, 136, 143, 136, 150, 176, 151, 141, 136, 136, 136, 136, 136, 136, 166, 149, 136, 136, 136, 136, 136, 151, 171, 136, 136, 136, 146, 136, 193, 136, 136, 136, 146, 136, 136, 136, 136, 136, 141, 136, 144, 191, 136, 136, 143, 168, 140, 136, 136, 136, 186, 177, 157, 148, 140, 136, 136, 136, 136, 136, 169, 136, 157, 136, 136, 195, 136, 136, 136]
[136, 136, 136, 136, 136, 136, 136, 147, 162, 139, 141, 136, 136, 136, 136, 136, 136, 152, 143, 136, 141, 136, 136, 136, 141, 168, 136, 136, 143, 147, 136, 180, 136, 136, 136, 141, 136, 136, 136, 136, 136, 152, 136, 144, 179, 136, 136, 136, 161, 139, 136, 136, 136, 186, 171, 146, 143, 144, 136, 136, 136, 136, 136, 155, 136, 149, 136, 136, 195, 136, 136, 136]
[136, 136, 136, 136, 136, 137, 136, 145, 163, 141, 138, 136, 136, 136, 136, 136, 136, 152, 143, 136, 138, 136, 136, 136, 136, 166, 136, 136, 142, 144, 136, 182, 136, 136, 136, 140, 136, 136, 136, 136, 136, 152, 136, 139, 182, 136, 136, 139, 163, 142, 136, 136, 136, 187, 173, 149, 147, 140, 136, 136, 136, 136, 136, 159, 136, 152, 136, 136, 198, 136, 136, 136]
[136, 136, 136, 136, 136, 139, 136, 149, 162, 143, 140, 136, 136, 136, 136, 136, 136, 155, 143, 136, 141, 136, 136, 136, 145, 167, 136, 136, 140, 149, 136, 182, 136, 136, 136, 142, 136, 136, 136, 136, 136, 148, 136, 143, 181, 136, 136, 138, 160, 137, 136, 136, 136, 183, 170, 146, 142, 145, 136, 136, 136, 136, 136, 154, 136, 149, 136, 136, 192, 136, 136, 136]
[136, 136, 141, 136, 136, 137, 136, 146, 160, 136, 139, 136, 136, 136, 136, 136, 136, 152, 142, 136, 147, 136, 136, 136, 136, 164, 136, 136, 146, 148, 136, 174, 136, 136, 136, 142, 136, 136, 136, 136, 136, 154, 136, 144, 175, 136, 136, 136, 158, 142, 136, 136, 136, 189, 168, 145, 144, 143, 136, 136, 136, 136, 136, 152, 136, 146, 136, 136, 195, 136, 136, 136]
[136, 136, 141, 136, 136, 136, 136, 141, 161, 136, 139, 136, 136, 136, 136, 136, 136, 151, 141, 136, 145, 136, 136, 136, 136, 167, 136, 136, 148, 145, 136, 174, 136, 136, 136, 140, 136, 136, 136, 136, 136, 158, 136, 143, 178, 136, 136, 136, 162, 145, 136, 136, 137, 193, 172, 146, 146, 142, 136, 136, 136, 136, 136, 155, 136, 145, 136, 136, 203, 136, 136, 136]
[136, 138, 136, 136, 136, 141, 136, 155, 164, 149, 142, 136, 136, 136, 136, 136, 136, 159, 145, 136, 136, 136, 136, 136, 155, 168, 136, 136, 136, 153, 136, 187, 136, 136, 136, 140, 136, 136, 136, 136, 136, 138, 136, 147, 182, 136, 136, 140, 156, 136, 136, 136, 136, 173, 166, 144, 142, 148, 136, 136, 136, 136, 136, 154, 136, 149, 136, 136, 179, 136, 136, 136]
[136, 138, 136, 136, 136, 141, 136, 155, 164, 149, 142, 136, 136, 136, 136, 136, 136, 159, 145, 136, 136, 136, 136, 136, 155, 168, 136, 136, 136, 153, 136, 187, 136, 136, 136, 140, 136, 136, 136, 136, 136, 138, 136, 147, 182, 136, 136, 140, 156, 136, 136, 136, 136, 173, 166, 144, 142, 148, 136, 136, 136, 136, 136, 154, 136, 149, 136, 136, 179, 136, 136, 136]
[136, 136, 137, 136, 136, 136, 136, 144, 160, 139, 139, 136, 136, 136, 136, 136, 136, 144, 140, 136, 142, 136, 136, 136, 136, 162, 136, 136, 143, 144, 136, 175, 136, 136, 136, 141, 136, 136, 136, 136, 136, 155, 136, 137, 176, 136, 136, 138, 161, 143, 136, 136, 136, 186, 172, 147, 145, 143, 136, 136, 136, 136, 136, 162, 136, 149, 136, 136, 197, 136, 136, 136]
[136, 136, 136, 136, 136, 142, 136, 148, 167, 146, 139, 136, 136, 136, 136, 136, 136, 157, 145, 136, 136, 136, 136, 136, 145, 166, 136, 136, 136, 145, 136, 185, 136, 136, 136, 144, 136, 136, 136, 136, 136, 146, 136, 140, 183, 136, 136, 141, 163, 142, 136, 136, 136, 184, 173, 152, 147, 140, 136, 136, 136, 136, 136, 163, 136, 156, 136, 136, 192, 136, 136, 136]
[136, 138, 136, 136, 136, 141, 136, 155, 164, 149, 142, 136, 136, 136, 136, 136, 136, 159, 145, 136, 136, 136, 136, 136, 155, 168, 136, 136, 136, 153, 136, 187, 136, 136, 136, 140, 136, 136, 136, 136, 136, 138, 136, 147, 182, 136, 136, 140, 156, 136, 136, 136, 136, 173, 166, 144, 142, 148, 136, 136, 136, 136, 136, 154, 136, 149, 136, 136, 179, 136, 136, 136]
[136, 138, 136, 136, 136, 141, 136, 155, 164, 149, 142, 136, 136, 136, 136, 136, 136, 159, 145, 136, 136, 136, 136, 136, 155, 168, 136, 136, 136, 153, 136, 187, 136, 136, 136, 140, 136, 136, 136, 136, 136, 138, 136, 147, 182, 136, 136, 140, 156, 136, 136, 136, 136, 173, 166, 144, 142, 148, 136, 136, 136, 136, 136, 154, 136, 149, 136, 136, 179, 136, 136, 136]
[136, 138, 136, 136, 136, 141, 136, 155, 164, 149, 142, 136, 136, 136, 136, 136, 136, 159, 145, 136, 136, 136, 136, 136, 155, 168, 136, 136, 136, 153, 136, 187, 136, 136, 136, 140, 136, 136, 136, 136, 136, 138, 136, 147, 182, 136, 136, 140, 156, 136, 136, 136, 136, 173, 166, 144, 142, 148, 136, 136, 136, 136, 136, 154, 136, 149, 136, 136, 179, 136, 136, 136]
[136, 136, 141, 136, 136, 136, 136, 143, 158, 136, 140, 136, 136, 136, 136, 136, 136, 145, 141, 136, 145, 136, 136, 136, 136, 164, 136, 136, 150, 144, 136, 173, 136, 136, 136, 139, 136, 136, 136, 136, 136, 160, 136, 140, 175, 136, 136, 136, 162, 141, 136, 136, 136, 189, 171, 144, 144, 141, 136, 136, 136, 136, 136, 155, 136, 146, 136, 136, 201, 136, 136, 136]
[136, 136, 140, 136, 136, 136, 136, 143, 160, 136, 139, 136, 136, 136, 136, 136, 136, 146, 141, 136, 146, 136, 136, 136, 136, 167, 136, 136, 149, 145, 136, 176, 136, 136, 136, 140, 136, 136, 136, 136, 136, 158, 136, 141, 178, 136, 136, 136, 163, 140, 136, 136, 136, 189, 172, 144, 144, 143, 136, 136, 136, 136, 136, 155, 136, 145, 136, 136, 201, 136, 136, 136]
[136, 136, 141, 136, 136, 136, 136, 141, 158, 136, 137, 136, 136, 136, 136, 136, 136, 152, 140, 136, 147, 136, 136, 136, 136, 165, 136, 136, 148, 146, 136, 174, 136, 136, 136, 142, 136, 136, 136, 136, 136, 156, 136, 141, 179, 136, 136, 136, 162, 144, 136, 136, 136, 189, 169, 146, 146, 140, 136, 136, 136, 136, 136, 152, 136, 144, 136, 136, 200, 136, 136, 136]
[136, 138, 136, 136, 136, 141, 136, 155, 164, 149, 142, 136, 136, 136, 136, 136, 136, 159, 145, 136, 136, 136, 136, 136, 155, 168, 136, 136, 136, 153, 136, 187, 136, 136, 136, 140, 136, 136, 136, 136, 136, 138, 136, 147, 182, 136, 136, 140, 156, 136, 136, 136, 136, 173, 166, 144, 142, 148, 136, 136, 136, 136, 136, 154, 136, 149, 136, 136, 179, 136, 136, 136]
[136, 138, 136, 136, 136, 141, 136, 155, 164, 149, 142, 136, 136, 136, 136, 136, 136, 159, 145, 136, 136, 136, 136, 136, 155, 168, 136, 136, 136, 153, 136, 187, 136, 136, 136, 140, 136, 136, 136, 136, 136, 138, 136, 147, 182, 136, 136, 140, 156, 136, 136, 136, 136, 173, 166, 144, 142, 148, 136, 136, 136, 136, 136, 154, 136, 149, 136, 136, 179, 136, 136, 136]
[136, 136, 148, 136, 136, 136, 136, 137, 153, 136, 139, 136, 136, 137, 136, 136, 136, 143, 140, 136, 146, 136, 136, 136, 136, 161, 136, 136, 152, 139, 136, 170, 136, 136, 136, 138, 136, 136, 136, 136, 136, 166, 136, 136, 178, 136, 136, 138, 161, 148, 136, 136, 136, 192, 171, 146, 149, 139, 136, 136, 136, 136, 136, 156, 136, 146, 136, 136, 205, 136, 136, 136]
[136, 138, 136, 136, 136, 141, 136, 155, 164, 149, 142, 136, 136, 136, 136, 136, 136, 159, 145, 136, 136, 136, 136, 136, 155, 168, 136, 136, 136, 153, 136, 187, 136, 136, 136, 140, 136, 136, 136, 136, 136, 138, 136, 147, 182, 136, 136, 140, 156, 136, 136, 136, 136, 173, 166, 144, 142, 148, 136, 136, 136, 136, 136, 154, 136, 149, 136, 136, 179, 136, 136, 136]
[136, 136, 136, 136, 136, 144, 136, 147, 160, 139, 139, 136, 136, 136, 136, 136, 136, 163, 145, 136, 144, 136, 136, 136, 146, 165, 136, 136, 137, 149, 136, 178, 136, 136, 136, 146, 136, 136, 136, 136, 136, 147, 136, 145, 182, 136, 136, 141, 162, 142, 136, 136, 136, 184, 164, 153, 148, 140, 136, 136, 136, 136, 136, 157, 136, 146, 136, 136, 189, 136, 136, 136]
[136, 136, 140, 136, 136, 136, 136, 143, 160, 136, 139, 136, 136, 136, 136, 136, 136, 146, 141, 136, 146, 136, 136, 136, 136, 166, 136, 136, 149, 145, 136, 175, 136, 136, 136, 140, 136, 136, 136, 136, 136, 158, 136, 142, 177, 136, 136, 136, 163, 140, 136, 136, 136, 188, 171, 144, 144, 142, 136, 136, 136, 136, 136, 154, 136, 144, 136, 136, 201, 136, 136, 136]
[136, 136, 137, 136, 136, 144, 136, 145, 155, 136, 139, 136, 136, 136, 136, 136, 136, 167, 144, 136, 151, 136, 136, 136, 136, 163, 136, 136, 136, 153, 136, 174, 136, 136, 136, 143, 136, 136, 136, 136, 136, 149, 136, 145, 181, 136, 136, 142, 157, 144, 136, 136, 136, 187, 158, 152, 148, 146, 137, 136, 136, 136, 136, 151, 136, 142, 136, 136, 188, 136, 136, 136]
[136, 138, 136, 136, 136, 141, 136, 155, 164, 149, 142, 136, 136, 136, 136, 136, 136, 159, 145, 136, 136, 136, 136, 136, 155, 168, 136, 136, 136, 153, 136, 187, 136, 136, 136, 140, 136, 136, 136, 136, 136, 138, 136, 147, 182, 136, 136, 140, 156, 136, 136, 136, 136, 173, 166, 144, 142, 148, 136, 136, 136, 136, 136, 154, 136, 149, 136, 136, 179, 136, 136, 136]
[136, 136, 154, 137, 136, 136, 136, 136, 151, 136, 141, 136, 136, 138, 136, 136, 136, 139, 139, 136, 146, 136, 136, 136, 136, 159, 136, 136, 156, 136, 136, 164, 136, 136, 136, 136, 136, 136, 136, 136, 136, 169, 136, 136, 174, 136, 136, 137, 161, 151, 136, 136, 136, 194, 170, 142, 149, 138, 136, 136, 136, 136, 136, 152, 136, 143, 136, 136, 206, 136, 136, 136]
[136, 136, 136, 136, 136, 144, 136, 147, 161, 138, 139, 136, 136, 136, 136, 136, 136, 165, 145, 136, 145, 136, 136, 136, 145, 167, 136, 136, 137, 150, 136, 180, 136, 136, 136, 146, 136, 136, 136, 136, 136, 147, 136, 145, 185, 136, 136, 141, 163, 142, 136, 136, 136, 186, 165, 153, 148, 142, 136, 136, 136, 136, 136, 156, 136, 145, 136, 136, 191, 136, 136, 136]
[136, 136, 136, 136, 136, 142, 136, 143, 157, 136, 137, 136, 136, 136, 136, 136, 136, 160, 143, 136, 146, 136, 136, 136, 138, 162, 136, 136, 140, 147, 136, 173, 136, 136, 136, 145, 136, 136, 136, 136, 136, 150, 136, 143, 178, 136, 136, 140, 159, 145, 136, 136, 136, 184, 162, 152, 148, 138, 136, 136, 136, 136, 136, 154, 136, 145, 136, 136, 189, 136, 136, 136]
[136, 136, 140, 136, 136, 136, 136, 142, 156, 137, 141, 136, 136, 136, 136, 136, 136, 141, 140, 136, 142, 136, 136, 136, 136, 161, 136, 136, 146, 142, 136, 172, 136, 136, 136, 139, 136, 136, 136, 136, 136, 158, 136, 136, 175, 136, 136, 138, 160, 144, 136, 136, 136, 185, 172, 144, 145, 144, 136, 136, 136, 136, 136, 160, 136, 147, 136, 136, 197, 136, 136, 136]
[136, 138, 136, 136, 136, 141, 136, 155, 164, 149, 142, 136, 136, 136, 136, 136, 136, 159, 145, 136, 136, 136, 136, 136, 155, 168, 136, 136, 136, 153, 136, 187, 136, 136, 136, 140, 136, 136, 136, 136, 136, 138, 136, 147, 182, 136, 136, 140, 156, 136, 136, 136, 136, 173, 166, 144, 142, 148, 136, 136, 136, 136, 136, 154, 136, 149, 136, 136, 179, 136, 136, 136]
[136, 138, 136, 136, 136, 141, 136, 155, 164, 149, 142, 136, 136, 136, 136, 136, 136, 159, 145, 136, 136, 136, 136, 136, 155, 168, 136, 136, 136, 153, 136, 187, 136, 136, 136, 140, 136, 136, 136, 136, 136, 138, 136, 147, 182, 136, 136, 140, 156, 136, 136, 136, 136, 173, 166, 144, 142, 148, 136, 136, 136, 136, 136, 154, 136, 149, 136, 136, 179, 136, 136, 136]
[136, 137, 136, 136, 136, 136, 136, 142, 142, 136, 139, 145, 137, 136, 145, 136, 136, 140, 141, 136, 136, 136, 136, 136, 136, 145, 136, 136, 136, 140, 136, 155, 136, 136, 136, 138, 146, 136, 136, 136, 140, 137, 136, 137, 152, 136, 136, 140, 137, 136, 136, 136, 136, 144, 146, 137, 136, 143, 145, 136, 136, 136, 136, 139, 136, 142, 136, 136, 150, 136, 136, 136]
[136, 137, 136, 136, 136, 136, 136, 142, 142, 136, 139, 145, 137, 136, 145, 136, 136, 140, 141, 136, 136, 136, 136, 136, 136, 145, 136, 136, 136, 140, 136, 155, 136, 136, 136, 138, 146, 136, 136, 136, 140, 137, 136, 137, 152, 136, 136, 140, 137, 136, 136, 136, 136, 144, 146, 137, 136, 143, 145, 136, 136, 136, 136, 139, 136, 142, 136, 136, 150, 136, 136, 136]
[136, 137, 136, 136, 136, 136, 136, 142, 142, 136, 139, 145, 137, 136, 145, 136, 136, 140, 141, 136, 136, 136, 136, 136, 136, 145, 136, 136, 136, 140, 136, 155, 136, 136, 136, 138, 146, 136, 136, 136, 140, 137, 136, 137, 152, 136, 136, 140, 137, 136, 136, 136, 136, 144, 146, 137, 136, 143, 145, 136, 136, 136, 136, 139, 136, 142, 136, 136, 150, 136, 136, 136]
[136, 137, 136, 136, 136, 136, 136, 142, 142, 136, 139, 145, 137, 136, 145, 136, 136, 140, 141, 136, 136, 136, 136, 136, 136, 145, 136, 136, 136, 140, 136, 155, 136, 136, 136, 138, 146, 136, 136, 136, 140, 137, 136, 137, 152, 136, 136, 140, 137, 136, 136, 136, 136, 144, 146, 137, 136, 143, 145, 136, 136, 136, 136, 139, 136, 142, 136, 136, 150, 136, 136, 136]
[136, 137, 136, 136, 136, 136, 136, 142, 142, 136, 139, 145, 137, 136, 145, 136, 136, 140, 141, 136, 136, 136, 136, 136, 136, 145, 136, 136, 136, 140, 136, 155, 136, 136, 136, 138, 146, 136, 136, 136, 140, 137, 136, 137, 152, 136, 136, 140, 137, 136, 136, 136, 136, 144, 146, 137, 136, 143, 145, 136, 136, 136, 136, 139, 136, 142, 136, 136, 150, 136, 136, 136]
[136, 137, 136, 136, 136, 136, 136, 142, 142, 136, 139, 145, 137, 136, 145, 136, 136, 140, 141, 136, 136, 136, 136, 136, 136, 145, 136, 136, 136, 140, 136, 155, 136, 136, 136, 138, 146, 136, 136, 136, 140, 137, 136, 137, 152, 136, 136, 140, 137, 136, 136, 136, 136, 144, 146, 137, 136, 143, 145, 136, 136, 136, 136, 139, 136, 142, 136, 136, 150, 136, 136, 136]
[136, 137, 136, 136, 136, 136, 136, 142, 142, 136, 139, 145, 137, 136, 145, 136, 136, 140, 141, 136, 136, 136, 136, 136, 136, 145, 136, 136, 136, 140, 136, 155, 136, 136, 136, 138, 146, 136, 136, 136, 140, 137, 136, 137, 152, 136, 136, 140, 137, 136, 136, 136, 136, 144, 146, 137, 136, 143, 145, 136, 136, 136, 136, 139, 136, 142, 136, 136, 150, 136, 136, 136]
[136, 137, 136, 136, 136, 136, 136, 142, 142, 136, 139, 145, 137, 136, 145, 136, 136, 140, 141, 136, 136, 136, 136, 136, 136, 145, 136, 136, 136, 140, 136, 155, 136, 136, 136, 138, 146, 136, 136, 136, 140, 137, 136, 137, 152, 136, 136, 140, 137, 136, 136, 136, 136, 144, 146, 137, 136, 143, 145, 136, 136, 136, 136, 139, 136, 142, 136, 136, 150, 136, 136, 136]
[136, 137, 136, 136, 136, 136, 136, 142, 142, 136, 139, 145, 137, 136, 145, 136, 136, 140, 141, 136, 136, 136, 136, 136, 136, 145, 136, 136, 136, 140, 136, 155, 136, 136, 136, 138, 146, 136, 136, 136, 140, 137, 136, 137, 152, 136, 136, 140, 137, 136, 136, 136, 136, 144, 146, 137, 136, 143, 145, 136, 136, 136, 136, 139, 136, 142, 136, 136, 150, 136, 136, 136]
[136, 137, 136, 136, 136, 136, 136, 142, 142, 136, 139, 145, 137, 136, 145, 136, 136, 140, 141, 136, 136, 136, 136, 136, 136, 145, 136, 136, 136, 140, 136, 155, 136, 136, 136, 138, 146, 136, 136, 136, 140, 137, 136, 137, 152, 136, 136, 140, 137, 136, 136, 136, 136, 144, 146, 137, 136, 143, 145, 136, 136, 136, 136, 139, 136, 142, 136, 136, 150, 136, 136, 136]
[136, 137, 136, 136, 136, 136, 136, 142, 142, 136, 139, 145, 137, 136, 145, 136, 136, 140, 141, 136, 136, 136, 136, 136, 136, 145, 136, 136, 136, 140, 136, 155, 136, 136, 136, 138, 146, 136, 136, 136, 140, 137, 136, 137, 152, 136, 136, 140, 137, 136, 136, 136, 136, 144, 146, 137, 136, 143, 145, 136, 136, 136, 136, 139, 136, 142, 136, 136, 150, 136, 136, 136]
[136, 137, 136, 136, 136, 136, 136, 142, 142, 136, 139, 145, 137, 136, 145, 136, 136, 140, 141, 136, 136, 136, 136, 136, 136, 145, 136, 136, 136, 140, 136, 155, 136, 136, 136, 138, 146, 136, 136, 136, 140, 137, 136, 137, 152, 136, 136, 140, 137, 136, 136, 136, 136, 144, 146, 137, 136, 143, 145, 136, 136, 136, 136, 139, 136, 142, 136, 136, 150, 136, 136, 136]
[136, 137, 136, 136, 136, 136, 136, 142, 142, 136, 139, 145, 137, 136, 145, 136, 136, 140, 141, 136, 136, 136, 136, 136, 136, 145, 136, 136, 136, 140, 136, 155, 136, 136, 136, 138, 146, 136, 136, 136, 140, 137, 136, 137, 152, 136, 136, 140, 137, 136, 136, 136, 136, 144, 146, 137, 136, 143, 145, 136, 136, 136, 136, 139, 136, 142, 136, 136, 150, 136, 136, 136]
[136, 137, 136, 136, 136, 136, 136, 142, 142, 136, 139, 145, 137, 136, 145, 136, 136, 140, 141, 136, 136, 136, 136, 136, 136, 145, 136, 136, 136, 140, 136, 155, 136, 136, 136, 138, 146, 136, 136, 136, 140, 137, 136, 137, 152, 136, 136, 140, 137, 136, 136, 136, 136, 144, 146, 137, 136, 143, 145, 136, 136, 136, 136, 139, 136, 142, 136, 136, 150, 136, 136, 136]
[136, 137, 136, 136, 136, 136, 136, 142, 142, 136, 139, 145, 137, 136, 145, 136, 136, 140, 141, 136, 136, 136, 136, 136, 136, 145, 136, 136, 136, 140, 136, 155, 136, 136, 136, 138, 146, 136, 136, 136, 140, 137, 136, 137, 152, 136, 136, 140, 137, 136, 136, 136, 136, 144, 146, 137, 136, 143, 145, 136, 136, 136, 136, 139, 136, 142, 136, 136, 150, 136, 136, 136]
[136, 137, 136, 136, 136, 136, 136, 142, 142, 136, 139, 145, 137, 136, 145, 136, 136, 140, 141, 136, 136, 136, 136, 136, 136, 145, 136, 136, 136, 140, 136, 155, 136, 136, 136, 138, 146, 136, 136, 136, 140, 137, 136, 137, 152, 136, 136, 140, 137, 136, 136, 136, 136, 144, 146, 137, 136, 143, 145, 136, 136, 136, 136, 139, 136, 142, 136, 136, 150, 136, 136, 136]
[136, 137, 136, 136, 136, 136, 136, 142, 142, 136, 139, 145, 137, 136, 145, 136, 136, 140, 141, 136, 136, 136, 136, 136, 136, 145, 136, 136, 136, 140, 136, 155, 136, 136, 136, 138, 146, 136, 136, 136, 140, 137, 136, 137, 152, 136, 136, 140, 137, 136, 136, 136, 136, 144, 146, 137, 136, 143, 145, 136, 136, 136, 136, 139, 136, 142, 136, 136, 150, 136, 136, 136]
[136, 137, 136, 136, 136, 136, 136, 142, 142, 136, 139, 145, 137, 136, 145, 136, 136, 140, 141, 136, 136, 136, 136, 136, 136, 145, 136, 136, 136, 140, 136, 155, 136, 136, 136, 138, 146, 136, 136, 136, 140, 137, 136, 137, 152, 136, 136, 140, 137, 136, 136, 136, 136, 144, 146, 137, 136, 143, 145, 136, 136, 136, 136, 139, 136, 142, 136, 136, 150, 136, 136, 136]
