2.641224145889282227e+00
1.697929739952087402e+00
2.735553503036499023e+00
1.603600382804870605e+00
1.509270906448364258e+00
2.452565193176269531e+00
3.678847789764404297e+00
0.000000000000000000e+00
2.924212455749511719e+00
4.150495052337646484e+00
2.452565193176269531e+00
3.395859479904174805e+00
1.509270906448364258e+00
1.697929739952087402e+00
2.546894550323486328e+00
3.301530122756958008e+00
3.867506742477416992e+00
1.980918049812316895e+00
1.792259216308593750e+00
1.697929739952087402e+00
1.886588573455810547e+00
3.207200765609741211e+00
2.452565193176269531e+00
2.829882860183715820e+00
1.131953239440917969e+00
1.603600382804870605e+00
1.037623763084411621e+00
1.697929739952087402e+00
1.697929739952087402e+00
1.509270906448364258e+00
2.452565193176269531e+00
3.773177266120910645e-01
2.924212455749511719e+00
2.263906478881835938e+00
3.773177266120910645e-01
3.773177146911621094e+00
1.037623763084411621e+00
2.075247526168823242e+00
8.489648699760437012e-01
2.169576883316040039e+00
1.320612072944641113e+00
2.263906478881835938e+00
6.603060364723205566e-01
1.414941430091857910e+00
2.452565193176269531e+00
1.414941430091857910e+00
2.641224145889282227e+00
3.301530122756958008e+00
2.358235836029052734e+00
3.207200765609741211e+00
3.395859479904174805e+00
2.075247526168823242e+00
8.489648699760437012e-01
2.358235836029052734e+00
2.075247526168823242e+00
1.037623763084411621e+00
1.320612072944641113e+00
3.112871170043945312e+00
8.489648699760437012e-01
3.301530122756958008e+00
1.886588633060455322e-01
1.037623763084411621e+00
2.829883098602294922e-01
1.697929739952087402e+00
