[117, 137, 103, 172, 111, 148, 191, 150, 219, 90, 213, 129, 101, 231, 135, 134, 180, 127, 125, 115, 138, 73, 151, 130, 149, 142, 145, 138, 105, 138, 81, 111, 137, 144, 134, 202, 114, 12, 98, 93, 172, 231, 180, 139, 75, 54, 82, 94, 146, 81, 196, 17, 194, 93, 55, 152, 23, 205, 85, 136, 74, 171, 60, 53, 106, 127, 78, 149, 112, 224, 233, 13]
[100, 156, 65, 191, 43, 141, 235, 187, 244, 92, 238, 130, 94, 224, 146, 146, 219, 145, 149, 109, 121, 35, 160, 116, 172, 159, 201, 149, 76, 138, 68, 191, 148, 191, 137, 221, 64, 2, 46, 63, 196, 241, 229, 171, 44, 14, 164, 30, 166, 52, 245, 11, 229, 52, 40, 166, 7, 233, 67, 153, 24, 201, 35, 10, 90, 127, 61, 203, 87, 245, 246, 4]
[56, 173, 90, 104, 28, 194, 246, 219, 250, 158, 241, 131, 115, 164, 178, 165, 247, 188, 191, 101, 67, 70, 181, 99, 200, 170, 218, 147, 44, 120, 89, 242, 158, 219, 139, 233, 39, 2, 9, 51, 210, 235, 250, 196, 23, 5, 193, 11, 202, 31, 252, 141, 243, 15, 50, 181, 5, 246, 37, 201, 14, 242, 26, 1, 77, 125, 157, 217, 62, 247, 230, 8]
[38, 155, 50, 154, 45, 173, 251, 232, 252, 211, 244, 132, 82, 96, 204, 186, 252, 166, 221, 100, 16, 46, 197, 99, 216, 179, 230, 148, 23, 101, 75, 251, 172, 238, 142, 236, 21, 1, 9, 42, 223, 227, 251, 221, 14, 6, 211, 4, 223, 27, 253, 216, 250, 6, 50, 191, 5, 252, 29, 250, 10, 249, 23, 0, 64, 122, 86, 228, 17, 240, 203, 41]
[21, 198, 242, 56, 34, 252, 253, 246, 252, 217, 221, 138, 94, 17, 223, 193, 241, 165, 239, 98, 22, 190, 215, 87, 235, 213, 234, 150, 11, 129, 120, 254, 219, 253, 146, 237, 19, 8, 1, 7, 224, 213, 250, 153, 12, 5, 133, 0, 223, 21, 254, 224, 231, 1, 214, 205, 1, 250, 18, 250, 7, 249, 4, 0, 63, 121, 235, 229, 69, 240, 241, 165]
[57, 140, 241, 19, 32, 250, 253, 247, 252, 230, 182, 141, 92, 7, 241, 199, 206, 154, 246, 96, 23, 225, 239, 84, 243, 228, 238, 144, 7, 118, 173, 254, 215, 252, 148, 236, 11, 82, 10, 3, 225, 224, 244, 211, 10, 9, 165, 0, 227, 15, 254, 227, 198, 0, 231, 218, 1, 236, 14, 253, 7, 251, 5, 0, 61, 113, 252, 230, 113, 240, 207, 229]
[220, 151, 251, 16, 31, 251, 253, 250, 252, 230, 164, 135, 90, 1, 249, 203, 173, 154, 251, 95, 27, 243, 245, 82, 222, 248, 240, 89, 6, 157, 186, 254, 232, 253, 168, 236, 9, 210, 16, 0, 226, 214, 203, 54, 10, 39, 95, 0, 227, 14, 254, 227, 182, 0, 242, 226, 2, 159, 13, 253, 6, 248, 4, 0, 61, 111, 254, 230, 119, 240, 164, 242]
[243, 149, 250, 9, 31, 247, 253, 250, 252, 232, 137, 160, 89, 1, 253, 206, 163, 154, 252, 94, 28, 251, 251, 79, 226, 251, 241, 65, 4, 130, 213, 254, 239, 247, 176, 236, 7, 232, 57, 0, 226, 193, 170, 102, 9, 115, 97, 1, 227, 12, 254, 227, 174, 0, 252, 237, 3, 76, 12, 253, 6, 247, 3, 0, 60, 99, 254, 230, 126, 240, 118, 239]
[250, 166, 253, 6, 31, 238, 253, 250, 252, 233, 118, 180, 82, 0, 253, 208, 136, 154, 253, 93, 29, 254, 252, 77, 194, 253, 243, 39, 4, 195, 228, 254, 249, 241, 187, 235, 4, 248, 154, 0, 226, 155, 123, 97, 8, 151, 61, 1, 227, 11, 254, 227, 182, 0, 254, 243, 3, 34, 12, 253, 6, 226, 16, 0, 60, 87, 254, 230, 128, 240, 102, 209]
[252, 190, 249, 5, 31, 210, 253, 250, 252, 233, 104, 196, 75, 0, 254, 210, 113, 154, 253, 92, 30, 253, 252, 75, 131, 252, 245, 17, 4, 223, 236, 254, 245, 227, 194, 233, 2, 242, 185, 0, 226, 127, 75, 64, 8, 198, 35, 2, 227, 10, 254, 227, 191, 0, 254, 245, 3, 22, 12, 253, 6, 221, 39, 0, 60, 80, 254, 230, 131, 240, 100, 203]
[253, 206, 249, 5, 32, 192, 253, 250, 251, 232, 94, 206, 68, 0, 254, 211, 105, 154, 254, 91, 32, 253, 253, 73, 107, 252, 245, 8, 4, 216, 231, 254, 247, 210, 201, 232, 1, 231, 174, 0, 226, 94, 47, 41, 8, 223, 22, 8, 227, 9, 254, 227, 203, 0, 254, 246, 3, 16, 12, 253, 6, 227, 51, 0, 60, 76, 254, 230, 133, 240, 85, 194]
[253, 223, 243, 5, 32, 127, 253, 250, 249, 231, 99, 204, 58, 0, 254, 212, 107, 154, 254, 90, 35, 249, 253, 70, 54, 252, 245, 4, 4, 220, 235, 253, 247, 210, 213, 232, 1, 203, 186, 0, 225, 60, 25, 16, 9, 235, 14, 28, 227, 9, 254, 227, 216, 0, 254, 246, 4, 14, 12, 253, 6, 221, 125, 0, 59, 74, 253, 230, 135, 240, 90, 188]
[252, 232, 214, 8, 32, 127, 252, 248, 247, 230, 95, 212, 54, 0, 254, 213, 131, 154, 253, 89, 39, 239, 253, 68, 42, 252, 242, 4, 3, 187, 201, 254, 235, 159, 216, 231, 1, 186, 163, 0, 225, 61, 25, 14, 9, 244, 11, 34, 225, 9, 254, 227, 224, 1, 253, 247, 3, 13, 12, 253, 7, 235, 146, 0, 58, 68, 253, 230, 141, 238, 102, 182]
[253, 238, 224, 8, 32, 141, 251, 248, 245, 228, 103, 215, 50, 0, 254, 215, 146, 154, 253, 88, 42, 238, 253, 64, 40, 252, 241, 2, 3, 171, 205, 253, 246, 217, 221, 230, 0, 168, 128, 0, 225, 41, 23, 10, 9, 245, 6, 36, 224, 9, 254, 227, 230, 0, 254, 249, 3, 11, 12, 253, 7, 230, 167, 0, 58, 65, 254, 230, 145, 237, 96, 155]
[251, 243, 182, 10, 32, 141, 250, 246, 239, 226, 101, 221, 49, 0, 254, 217, 162, 153, 253, 87, 45, 231, 253, 63, 51, 253, 238, 2, 3, 87, 211, 254, 239, 211, 225, 230, 0, 160, 113, 1, 225, 31, 29, 13, 11, 247, 7, 41, 222, 9, 254, 227, 236, 2, 254, 249, 2, 12, 12, 253, 8, 249, 98, 0, 57, 60, 253, 230, 149, 234, 86, 189]
[251, 245, 171, 12, 32, 120, 250, 246, 234, 224, 103, 227, 47, 0, 254, 219, 169, 152, 253, 86, 45, 233, 253, 61, 52, 252, 232, 1, 3, 47, 213, 254, 234, 206, 232, 229, 0, 166, 161, 0, 224, 25, 21, 12, 12, 249, 10, 60, 221, 10, 254, 227, 237, 2, 253, 248, 3, 13, 12, 253, 8, 248, 70, 0, 56, 55, 254, 230, 150, 230, 75, 211]
[248, 246, 153, 19, 32, 113, 250, 244, 232, 224, 105, 231, 44, 0, 254, 220, 179, 151, 253, 85, 46, 236, 253, 61, 41, 252, 226, 0, 3, 45, 193, 254, 232, 166, 236, 228, 0, 164, 179, 1, 224, 30, 22, 15, 12, 247, 9, 50, 218, 12, 254, 227, 235, 8, 251, 249, 2, 12, 12, 253, 8, 248, 90, 0, 55, 48, 252, 229, 147, 227, 82, 200]
[248, 247, 85, 28, 32, 58, 250, 240, 227, 222, 113, 235, 40, 0, 254, 221, 169, 150, 253, 84, 49, 231, 253, 62, 36, 253, 223, 0, 3, 33, 188, 253, 222, 179, 241, 227, 0, 139, 180, 3, 223, 27, 18, 14, 13, 248, 11, 65, 214, 19, 254, 228, 238, 8, 250, 248, 3, 12, 12, 253, 8, 250, 145, 0, 53, 42, 249, 228, 138, 223, 81, 166]
[247, 248, 30, 30, 32, 19, 250, 234, 218, 218, 131, 234, 33, 0, 254, 220, 183, 150, 252, 83, 64, 204, 253, 61, 21, 254, 221, 0, 3, 26, 197, 252, 227, 205, 245, 226, 0, 92, 174, 2, 221, 20, 13, 9, 15, 247, 9, 68, 210, 24, 254, 230, 243, 4, 248, 246, 3, 12, 12, 253, 9, 247, 229, 0, 50, 39, 242, 226, 131, 219, 76, 126]
[221, 249, 32, 28, 32, 30, 250, 231, 209, 217, 137, 236, 32, 0, 254, 221, 208, 150, 251, 82, 76, 198, 253, 58, 18, 254, 209, 0, 3, 18, 194, 252, 222, 210, 246, 225, 0, 79, 129, 2, 220, 15, 12, 8, 16, 248, 8, 68, 206, 24, 254, 231, 246, 5, 249, 246, 2, 12, 12, 253, 9, 244, 237, 0, 48, 36, 248, 225, 124, 213, 83, 107]
[206, 250, 44, 26, 32, 40, 250, 230, 200, 215, 142, 238, 32, 0, 254, 223, 226, 151, 251, 80, 87, 201, 253, 54, 27, 254, 200, 0, 3, 12, 184, 252, 226, 227, 247, 224, 0, 84, 88, 2, 219, 12, 11, 8, 17, 247, 7, 76, 201, 24, 254, 232, 247, 5, 252, 246, 2, 14, 12, 253, 8, 244, 228, 0, 46, 34, 252, 224, 118, 208, 84, 106]
[216, 251, 28, 24, 32, 51, 250, 226, 192, 213, 147, 239, 34, 0, 254, 224, 230, 151, 251, 78, 94, 188, 253, 52, 20, 254, 199, 0, 2, 9, 199, 253, 216, 230, 248, 223, 0, 85, 106, 3, 218, 10, 15, 9, 18, 247, 7, 64, 195, 25, 254, 233, 245, 8, 252, 247, 1, 15, 12, 253, 10, 245, 211, 0, 45, 31, 250, 223, 112, 202, 87, 120]
[235, 251, 8, 29, 32, 22, 248, 216, 179, 211, 156, 235, 34, 0, 254, 211, 230, 151, 250, 76, 118, 147, 253, 57, 15, 254, 198, 0, 3, 6, 201, 252, 205, 227, 249, 223, 0, 70, 146, 6, 212, 7, 12, 8, 20, 246, 7, 75, 189, 31, 254, 236, 247, 7, 250, 245, 1, 15, 12, 253, 10, 246, 214, 0, 42, 29, 225, 219, 93, 195, 86, 122]
[226, 252, 7, 26, 32, 36, 248, 216, 169, 210, 157, 236, 34, 0, 254, 215, 235, 150, 249, 74, 114, 137, 253, 62, 14, 254, 171, 0, 3, 6, 214, 253, 203, 221, 250, 222, 0, 67, 128, 6, 210, 7, 12, 7, 22, 248, 13, 100, 184, 32, 254, 237, 244, 9, 249, 246, 1, 16, 12, 253, 9, 248, 172, 0, 41, 27, 244, 215, 82, 186, 88, 164]
[208, 252, 5, 25, 32, 47, 248, 215, 160, 208, 158, 239, 37, 0, 254, 218, 241, 150, 248, 72, 112, 129, 253, 61, 16, 254, 163, 0, 3, 8, 214, 252, 194, 231, 251, 221, 0, 56, 107, 4, 208, 9, 11, 6, 23, 248, 14, 99, 181, 33, 254, 238, 243, 7, 245, 244, 1, 17, 12, 253, 8, 249, 173, 0, 40, 25, 248, 213, 74, 179, 90, 180]
[231, 253, 1, 28, 32, 56, 246, 208, 144, 205, 164, 238, 47, 0, 254, 214, 244, 150, 246, 70, 127, 94, 253, 66, 16, 254, 162, 0, 5, 5, 220, 252, 188, 245, 252, 221, 0, 47, 113, 5, 202, 7, 11, 4, 24, 243, 13, 99, 178, 36, 254, 240, 245, 3, 248, 241, 1, 17, 12, 253, 9, 251, 149, 0, 37, 23, 216, 210, 67, 176, 76, 180]
[211, 252, 3, 24, 32, 90, 246, 207, 142, 204, 161, 240, 48, 0, 254, 218, 241, 150, 248, 69, 119, 116, 253, 71, 16, 254, 145, 0, 5, 7, 219, 253, 192, 230, 252, 221, 0, 48, 106, 8, 202, 8, 16, 7, 25, 245, 27, 106, 174, 37, 254, 240, 235, 13, 245, 243, 1, 19, 12, 253, 9, 250, 91, 0, 36, 20, 245, 208, 60, 169, 80, 209]
[225, 252, 9, 20, 32, 106, 245, 209, 138, 202, 159, 243, 47, 0, 254, 219, 235, 150, 247, 68, 121, 154, 253, 71, 34, 254, 132, 0, 4, 8, 218, 252, 212, 232, 253, 220, 0, 60, 113, 4, 202, 8, 16, 7, 26, 245, 36, 110, 172, 37, 254, 240, 230, 13, 248, 243, 1, 20, 12, 253, 9, 248, 81, 0, 35, 19, 251, 205, 57, 165, 80, 217]
[235, 252, 9, 19, 32, 64, 244, 210, 128, 200, 159, 245, 44, 0, 254, 220, 231, 149, 237, 67, 131, 160, 253, 71, 31, 253, 119, 0, 4, 8, 205, 250, 202, 215, 253, 219, 0, 68, 159, 3, 201, 8, 13, 6, 27, 244, 41, 134, 169, 38, 254, 240, 234, 10, 244, 240, 2, 22, 12, 253, 9, 247, 91, 0, 34, 18, 247, 204, 55, 162, 82, 211]
[229, 252, 31, 14, 32, 105, 243, 211, 131, 199, 157, 246, 41, 0, 254, 222, 230, 150, 234, 66, 135, 176, 253, 69, 30, 253, 97, 0, 4, 15, 187, 249, 220, 210, 254, 217, 0, 100, 141, 2, 202, 9, 15, 5, 27, 243, 38, 130, 168, 38, 254, 240, 230, 12, 244, 242, 3, 23, 12, 253, 9, 239, 104, 0, 33, 16, 252, 203, 55, 159, 85, 210]
[236, 252, 21, 19, 32, 71, 242, 206, 118, 197, 159, 247, 37, 0, 254, 220, 230, 150, 227, 65, 146, 161, 253, 70, 39, 253, 91, 0, 4, 10, 174, 249, 211, 206, 254, 216, 0, 103, 179, 4, 201, 9, 12, 5, 28, 240, 44, 135, 163, 40, 254, 240, 233, 13, 244, 239, 4, 24, 12, 253, 9, 246, 77, 0, 32, 14, 243, 202, 52, 156, 82, 206]
[234, 252, 23, 17, 32, 98, 242, 203, 113, 196, 159, 248, 33, 0, 254, 221, 230, 150, 230, 63, 149, 171, 253, 70, 40, 252, 79, 0, 4, 8, 170, 249, 214, 206, 254, 215, 0, 114, 156, 5, 200, 9, 16, 6, 28, 240, 51, 150, 159, 40, 254, 240, 229, 20, 242, 241, 4, 25, 12, 253, 9, 248, 60, 0, 31, 12, 248, 202, 49, 152, 80, 204]
[234, 252, 33, 14, 32, 106, 242, 203, 106, 194, 158, 249, 31, 0, 254, 223, 233, 151, 232, 62, 152, 174, 253, 69, 47, 252, 68, 0, 4, 9, 177, 249, 221, 218, 254, 215, 0, 127, 135, 3, 200, 9, 19, 6, 28, 238, 58, 161, 157, 41, 254, 240, 226, 17, 243, 243, 4, 26, 12, 253, 8, 246, 33, 0, 30, 10, 252, 201, 48, 149, 79, 210]
[241, 252, 34, 12, 32, 75, 242, 204, 116, 194, 157, 250, 27, 0, 254, 223, 226, 150, 207, 61, 155, 174, 253, 70, 35, 251, 53, 0, 4, 12, 156, 249, 210, 156, 254, 212, 0, 146, 194, 3, 201, 14, 18, 6, 29, 240, 72, 173, 157, 42, 254, 240, 218, 28, 239, 243, 6, 26, 12, 253, 8, 237, 46, 0, 30, 8, 251, 200, 47, 146, 83, 213]
[244, 252, 29, 16, 32, 50, 242, 203, 110, 192, 161, 249, 25, 0, 254, 221, 228, 150, 169, 60, 163, 166, 253, 70, 36, 252, 48, 0, 4, 10, 155, 244, 210, 161, 254, 210, 0, 147, 197, 3, 200, 13, 14, 5, 31, 241, 76, 192, 154, 44, 254, 240, 222, 22, 235, 240, 8, 25, 12, 253, 8, 235, 94, 0, 28, 7, 249, 198, 45, 144, 87, 206]
[231, 252, 56, 12, 32, 105, 242, 202, 114, 192, 163, 250, 25, 0, 254, 222, 241, 150, 181, 58, 165, 156, 253, 69, 49, 253, 40, 0, 4, 13, 134, 246, 214, 179, 254, 208, 0, 165, 130, 2, 201, 14, 19, 5, 29, 242, 76, 199, 154, 44, 254, 240, 217, 22, 241, 242, 8, 32, 12, 253, 8, 239, 53, 0, 28, 6, 253, 197, 44, 142, 90, 206]
[231, 252, 88, 8, 32, 140, 242, 202, 128, 192, 165, 250, 23, 0, 254, 222, 244, 150, 181, 56, 166, 171, 253, 68, 70, 252, 32, 0, 4, 16, 124, 247, 221, 168, 254, 206, 0, 197, 161, 1, 201, 18, 22, 5, 27, 238, 86, 200, 156, 43, 253, 240, 203, 26, 238, 244, 10, 39, 12, 253, 8, 235, 42, 0, 28, 5, 254, 197, 44, 141, 94, 206]
[234, 252, 119, 10, 32, 127, 241, 202, 137, 194, 165, 250, 22, 0, 254, 223, 239, 150, 181, 55, 167, 173, 254, 68, 118, 251, 30, 0, 4, 13, 99, 247, 221, 155, 254, 202, 0, 213, 155, 1, 202, 24, 21, 6, 24, 229, 101, 201, 160, 43, 253, 240, 194, 27, 241, 245, 13, 53, 12, 253, 8, 236, 21, 0, 28, 4, 254, 197, 44, 139, 95, 212]
[238, 251, 107, 11, 32, 141, 242, 203, 148, 195, 165, 250, 21, 0, 254, 224, 242, 149, 188, 54, 164, 142, 254, 69, 114, 249, 28, 0, 4, 11, 124, 249, 210, 155, 253, 203, 0, 213, 161, 0, 203, 32, 22, 6, 23, 233, 137, 209, 163, 42, 254, 240, 182, 27, 233, 246, 19, 49, 12, 253, 8, 247, 11, 1, 28, 4, 254, 196, 43, 136, 97, 233]
[235, 250, 106, 11, 32, 167, 243, 204, 161, 197, 165, 251, 21, 0, 254, 225, 245, 147, 198, 53, 161, 152, 254, 71, 150, 248, 28, 0, 4, 8, 126, 249, 210, 162, 253, 203, 0, 216, 149, 1, 204, 46, 24, 6, 20, 225, 158, 212, 166, 41, 254, 240, 175, 29, 223, 246, 20, 56, 12, 253, 8, 250, 6, 1, 28, 3, 254, 195, 42, 134, 97, 243]
[239, 250, 108, 12, 32, 156, 243, 205, 169, 199, 167, 252, 20, 0, 254, 224, 242, 146, 174, 53, 161, 172, 254, 71, 154, 250, 34, 0, 4, 10, 136, 248, 214, 156, 253, 202, 0, 232, 173, 1, 205, 64, 21, 6, 19, 216, 174, 210, 168, 41, 253, 240, 175, 28, 226, 245, 22, 46, 12, 253, 8, 246, 31, 0, 27, 3, 254, 194, 41, 133, 101, 235]
[237, 250, 150, 8, 32, 209, 243, 205, 178, 202, 166, 252, 20, 0, 254, 225, 245, 145, 191, 52, 160, 193, 254, 70, 185, 250, 38, 0, 4, 12, 135, 248, 224, 184, 253, 201, 0, 240, 142, 1, 205, 96, 49, 7, 16, 211, 169, 204, 171, 40, 253, 240, 175, 23, 237, 246, 16, 52, 12, 253, 8, 248, 10, 0, 27, 3, 254, 194, 41, 133, 102, 231]
[239, 250, 176, 11, 32, 187, 243, 206, 187, 206, 163, 252, 20, 0, 254, 225, 237, 144, 199, 52, 159, 210, 254, 70, 201, 249, 40, 0, 4, 18, 130, 249, 218, 168, 253, 200, 0, 245, 179, 1, 205, 128, 43, 9, 13, 207, 180, 199, 174, 39, 254, 240, 171, 21, 237, 246, 28, 55, 12, 253, 8, 246, 10, 0, 27, 3, 254, 194, 41, 133, 104, 236]
[238, 250, 151, 73, 32, 104, 244, 206, 198, 210, 163, 252, 19, 0, 254, 225, 240, 139, 155, 52, 156, 176, 254, 70, 210, 247, 31, 0, 4, 14, 58, 249, 218, 82, 253, 196, 0, 234, 205, 2, 206, 180, 35, 10, 11, 206, 197, 210, 179, 40, 253, 240, 193, 19, 193, 245, 31, 115, 12, 253, 8, 251, 8, 0, 27, 3, 252, 194, 39, 131, 105, 231]
[239, 249, 147, 43, 32, 131, 244, 207, 204, 213, 165, 252, 17, 0, 254, 222, 243, 137, 129, 52, 159, 153, 254, 70, 196, 250, 36, 0, 4, 13, 91, 247, 202, 133, 253, 193, 0, 235, 130, 1, 206, 176, 31, 7, 11, 177, 209, 215, 182, 42, 252, 240, 204, 17, 212, 245, 37, 89, 12, 253, 8, 250, 38, 0, 26, 3, 253, 194, 37, 129, 112, 214]
[229, 249, 165, 19, 34, 154, 245, 207, 212, 218, 167, 252, 17, 0, 254, 222, 248, 136, 135, 52, 159, 134, 254, 70, 222, 251, 43, 0, 4, 16, 76, 248, 210, 184, 253, 190, 0, 241, 93, 1, 207, 195, 40, 7, 9, 180, 216, 214, 185, 42, 253, 240, 212, 10, 225, 246, 36, 159, 12, 253, 8, 249, 20, 0, 26, 3, 254, 194, 37, 129, 119, 194]
[217, 248, 142, 28, 34, 141, 246, 207, 221, 223, 167, 252, 17, 0, 254, 222, 251, 127, 141, 52, 150, 86, 254, 71, 235, 251, 41, 0, 4, 10, 64, 250, 210, 174, 254, 190, 0, 226, 133, 1, 208, 219, 52, 11, 8, 162, 229, 216, 190, 41, 253, 240, 223, 8, 226, 246, 39, 196, 12, 253, 8, 252, 6, 0, 25, 3, 254, 194, 35, 127, 125, 226]
[187, 247, 151, 15, 36, 173, 246, 207, 228, 228, 168, 252, 17, 0, 254, 223, 251, 123, 153, 52, 149, 86, 254, 71, 243, 251, 52, 0, 3, 11, 66, 250, 206, 208, 254, 190, 0, 234, 70, 1, 209, 232, 52, 18, 7, 114, 235, 199, 195, 40, 253, 240, 224, 6, 232, 246, 37, 215, 12, 253, 8, 252, 13, 0, 25, 3, 254, 194, 33, 126, 132, 212]
[192, 246, 164, 7, 37, 220, 246, 208, 231, 231, 164, 252, 17, 0, 254, 223, 250, 121, 187, 51, 145, 153, 254, 71, 247, 251, 71, 0, 3, 7, 105, 252, 210, 240, 254, 191, 0, 242, 62, 1, 209, 235, 71, 31, 6, 93, 240, 174, 198, 40, 253, 240, 215, 6, 246, 247, 43, 198, 11, 253, 8, 253, 7, 0, 25, 2, 254, 194, 34, 125, 135, 225]
[186, 246, 107, 77, 39, 107, 249, 208, 239, 238, 171, 252, 16, 1, 254, 220, 252, 96, 173, 51, 100, 109, 254, 73, 248, 253, 151, 0, 2, 24, 61, 252, 230, 161, 254, 189, 0, 73, 106, 1, 210, 249, 89, 50, 5, 41, 237, 129, 200, 36, 254, 240, 237, 5, 194, 246, 6, 238, 11, 253, 8, 253, 27, 0, 25, 2, 246, 195, 30, 126, 193, 176]
[177, 246, 72, 59, 43, 55, 252, 208, 245, 245, 178, 252, 15, 0, 254, 219, 253, 68, 174, 51, 68, 57, 254, 76, 250, 254, 204, 0, 2, 34, 41, 252, 230, 213, 254, 189, 0, 12, 52, 1, 211, 251, 112, 80, 4, 17, 238, 56, 203, 33, 254, 241, 247, 3, 132, 246, 3, 248, 11, 253, 8, 253, 36, 0, 24, 2, 244, 198, 23, 128, 224, 82]
[131, 246, 52, 21, 49, 159, 253, 211, 248, 249, 182, 252, 13, 0, 254, 219, 254, 49, 217, 51, 37, 22, 254, 82, 251, 254, 221, 0, 1, 54, 93, 254, 198, 235, 254, 195, 0, 8, 18, 3, 213, 248, 154, 139, 3, 11, 236, 18, 206, 26, 254, 245, 250, 1, 168, 246, 1, 249, 10, 254, 7, 254, 36, 0, 23, 2, 250, 200, 12, 130, 230, 119]
[119, 246, 36, 20, 55, 116, 254, 213, 251, 252, 190, 252, 11, 0, 254, 218, 254, 34, 237, 51, 16, 11, 254, 87, 252, 254, 243, 0, 1, 69, 84, 253, 229, 249, 254, 195, 0, 7, 26, 3, 215, 251, 175, 173, 3, 11, 237, 4, 208, 25, 254, 248, 253, 0, 129, 246, 1, 252, 10, 254, 6, 254, 40, 0, 22, 2, 241, 204, 7, 131, 241, 100]
[84, 247, 17, 43, 80, 145, 254, 218, 252, 253, 200, 251, 8, 0, 254, 217, 252, 14, 244, 51, 3, 15, 254, 96, 251, 254, 246, 7, 0, 91, 68, 254, 196, 251, 254, 201, 1, 4, 47, 15, 218, 252, 191, 216, 2, 8, 236, 1, 213, 19, 254, 253, 253, 1, 118, 246, 0, 252, 9, 254, 7, 254, 85, 0, 19, 2, 89, 212, 1, 133, 232, 106]
[78, 247, 11, 103, 94, 89, 254, 221, 253, 253, 207, 251, 7, 0, 254, 218, 253, 10, 249, 51, 2, 9, 254, 100, 252, 254, 252, 12, 0, 103, 50, 253, 231, 254, 254, 201, 0, 1, 25, 10, 220, 253, 205, 227, 2, 11, 238, 0, 215, 18, 254, 254, 254, 0, 89, 246, 1, 253, 9, 254, 6, 254, 37, 0, 16, 2, 145, 215, 1, 134, 234, 38]
[60, 248, 8, 106, 122, 135, 254, 225, 253, 254, 215, 251, 4, 0, 254, 219, 252, 11, 252, 51, 2, 17, 254, 107, 252, 254, 253, 17, 0, 104, 51, 254, 210, 254, 254, 212, 1, 1, 24, 20, 222, 251, 218, 241, 1, 9, 239, 0, 221, 16, 254, 254, 254, 1, 125, 246, 1, 254, 8, 254, 6, 254, 67, 0, 13, 2, 81, 220, 0, 135, 225, 57]
[76, 248, 5, 144, 134, 104, 254, 230, 253, 254, 215, 240, 2, 0, 251, 203, 227, 30, 254, 50, 34, 41, 254, 121, 241, 254, 253, 24, 1, 85, 52, 252, 196, 254, 254, 207, 1, 8, 38, 32, 219, 241, 201, 224, 1, 27, 239, 1, 217, 48, 254, 254, 244, 0, 181, 246, 10, 251, 8, 254, 7, 253, 130, 0, 10, 2, 58, 229, 1, 133, 158, 154]
[51, 248, 4, 100, 159, 156, 254, 234, 253, 254, 221, 239, 2, 0, 252, 205, 244, 16, 254, 50, 5, 19, 254, 133, 245, 254, 253, 38, 0, 117, 80, 253, 180, 254, 254, 211, 1, 5, 25, 16, 221, 249, 209, 239, 1, 23, 227, 0, 219, 28, 254, 254, 250, 0, 194, 246, 0, 251, 7, 254, 11, 253, 120, 0, 8, 2, 125, 232, 0, 135, 237, 128]
[34, 249, 4, 59, 181, 205, 254, 237, 253, 254, 226, 238, 2, 0, 253, 202, 248, 11, 254, 50, 1, 19, 254, 147, 249, 254, 253, 47, 0, 137, 112, 254, 162, 254, 254, 218, 1, 3, 20, 20, 224, 252, 220, 248, 1, 13, 224, 0, 222, 16, 254, 254, 249, 1, 199, 246, 0, 252, 6, 254, 20, 254, 65, 0, 7, 2, 154, 234, 0, 137, 247, 147]
[25, 249, 4, 40, 197, 229, 254, 239, 253, 254, 231, 238, 2, 0, 253, 200, 248, 8, 254, 50, 0, 18, 254, 157, 251, 254, 253, 54, 0, 160, 133, 254, 157, 254, 254, 224, 1, 2, 21, 20, 226, 253, 230, 252, 1, 11, 225, 0, 225, 11, 254, 254, 250, 1, 198, 246, 0, 253, 5, 254, 23, 254, 29, 0, 6, 2, 168, 235, 0, 138, 248, 162]
[24, 249, 6, 82, 201, 153, 254, 240, 253, 254, 234, 238, 2, 0, 254, 201, 252, 8, 252, 50, 1, 14, 254, 158, 252, 254, 254, 53, 0, 160, 100, 253, 232, 254, 254, 225, 0, 2, 21, 17, 227, 254, 237, 251, 1, 18, 227, 0, 227, 11, 254, 254, 252, 1, 169, 246, 1, 254, 5, 254, 22, 254, 7, 0, 5, 2, 168, 235, 0, 138, 236, 70]
[23, 249, 9, 44, 204, 130, 254, 241, 254, 254, 236, 239, 2, 0, 254, 201, 254, 8, 252, 50, 2, 11, 254, 159, 253, 254, 254, 49, 0, 153, 116, 252, 232, 254, 254, 223, 0, 4, 17, 13, 228, 253, 242, 243, 1, 20, 229, 0, 229, 11, 254, 254, 253, 1, 169, 246, 1, 254, 5, 254, 18, 254, 13, 0, 5, 2, 233, 235, 0, 138, 245, 62]
[15, 249, 7, 34, 213, 203, 254, 242, 254, 254, 238, 238, 2, 0, 254, 199, 248, 8, 253, 50, 0, 19, 254, 169, 253, 254, 254, 58, 0, 157, 137, 254, 171, 254, 254, 226, 1, 3, 25, 20, 230, 252, 246, 250, 1, 10, 229, 0, 232, 8, 254, 254, 252, 1, 196, 246, 0, 254, 4, 254, 25, 254, 39, 0, 4, 2, 164, 237, 0, 139, 247, 158]
[10, 249, 5, 29, 220, 232, 254, 243, 254, 254, 240, 239, 2, 0, 254, 198, 246, 6, 253, 50, 0, 20, 254, 176, 253, 254, 254, 65, 0, 172, 151, 254, 158, 254, 254, 228, 1, 3, 31, 23, 232, 253, 247, 252, 1, 13, 231, 0, 235, 7, 254, 254, 249, 1, 203, 246, 0, 254, 3, 254, 28, 254, 27, 0, 4, 2, 168, 238, 0, 140, 247, 190]
[9, 249, 4, 35, 228, 237, 254, 242, 254, 254, 242, 239, 1, 0, 254, 199, 245, 9, 253, 50, 0, 21, 254, 179, 254, 254, 254, 67, 0, 185, 112, 253, 188, 254, 254, 232, 0, 4, 44, 30, 233, 254, 248, 253, 1, 14, 233, 0, 239, 11, 254, 254, 250, 1, 196, 246, 0, 254, 3, 254, 27, 254, 27, 0, 3, 2, 82, 239, 0, 141, 233, 163]
[8, 249, 4, 74, 233, 213, 254, 242, 254, 254, 243, 240, 1, 0, 254, 202, 244, 7, 254, 50, 0, 21, 254, 181, 254, 254, 254, 70, 0, 185, 81, 254, 206, 254, 254, 233, 1, 4, 44, 33, 235, 253, 249, 254, 1, 22, 234, 0, 242, 11, 254, 254, 252, 0, 199, 246, 0, 254, 3, 254, 25, 254, 21, 0, 3, 2, 63, 240, 0, 141, 224, 162]
[7, 249, 4, 64, 238, 219, 254, 243, 254, 254, 244, 240, 1, 0, 254, 203, 241, 6, 254, 50, 0, 18, 254, 187, 253, 254, 254, 79, 0, 188, 95, 253, 180, 254, 254, 232, 1, 4, 38, 23, 236, 252, 249, 253, 1, 26, 236, 0, 243, 10, 254, 254, 250, 0, 214, 246, 1, 254, 3, 254, 25, 254, 33, 0, 3, 2, 125, 241, 0, 142, 238, 191]
[7, 249, 4, 72, 240, 228, 254, 243, 254, 254, 244, 239, 1, 0, 254, 203, 236, 8, 254, 50, 0, 21, 254, 191, 253, 254, 254, 84, 0, 187, 93, 253, 175, 254, 254, 231, 1, 4, 34, 25, 237, 252, 247, 254, 1, 27, 238, 0, 244, 15, 254, 254, 248, 0, 223, 246, 1, 254, 3, 254, 25, 254, 27, 0, 3, 2, 127, 242, 0, 142, 228, 213]
[6, 249, 4, 55, 244, 233, 254, 243, 254, 254, 246, 240, 1, 0, 254, 204, 244, 10, 254, 50, 0, 21, 254, 194, 254, 254, 254, 85, 0, 193, 71, 254, 204, 254, 254, 235, 1, 4, 31, 29, 238, 253, 248, 254, 1, 17, 239, 0, 247, 17, 254, 254, 250, 0, 216, 246, 0, 254, 3, 254, 24, 254, 23, 0, 3, 2, 63, 243, 0, 143, 227, 175]
[5, 249, 6, 43, 245, 240, 254, 244, 254, 254, 246, 240, 1, 0, 254, 202, 243, 6, 254, 50, 0, 22, 254, 198, 253, 254, 254, 91, 0, 200, 118, 254, 164, 254, 254, 236, 2, 3, 24, 24, 239, 253, 249, 254, 1, 16, 240, 0, 248, 10, 254, 254, 250, 0, 221, 246, 0, 254, 2, 254, 26, 254, 20, 0, 3, 2, 159, 243, 0, 144, 246, 186]
[5, 249, 12, 36, 245, 196, 254, 244, 254, 254, 247, 241, 1, 0, 254, 203, 250, 6, 253, 50, 1, 18, 254, 199, 253, 254, 254, 86, 0, 192, 146, 253, 233, 254, 254, 236, 0, 5, 20, 17, 239, 254, 251, 252, 1, 22, 241, 0, 248, 11, 254, 254, 252, 0, 206, 246, 1, 254, 2, 254, 24, 254, 3, 0, 2, 2, 240, 243, 0, 144, 241, 100]
[4, 249, 8, 56, 246, 227, 254, 245, 254, 254, 247, 241, 1, 0, 254, 204, 244, 7, 254, 50, 0, 18, 254, 202, 253, 254, 254, 91, 0, 171, 140, 254, 188, 254, 254, 238, 1, 5, 30, 21, 240, 252, 250, 254, 1, 23, 243, 0, 249, 12, 254, 254, 250, 0, 219, 246, 1, 254, 2, 254, 24, 254, 15, 0, 2, 2, 150, 244, 0, 144, 233, 212]
[3, 249, 3, 78, 246, 241, 254, 246, 254, 254, 247, 236, 1, 0, 254, 206, 242, 7, 254, 50, 0, 16, 254, 207, 252, 254, 254, 99, 0, 166, 152, 253, 144, 254, 254, 238, 0, 3, 25, 18, 242, 252, 250, 251, 1, 26, 242, 0, 249, 11, 254, 254, 245, 0, 231, 246, 0, 254, 2, 254, 25, 254, 13, 0, 2, 2, 162, 244, 0, 144, 238, 231]
[3, 249, 4, 90, 247, 229, 254, 246, 254, 254, 248, 236, 1, 0, 254, 208, 248, 9, 254, 50, 0, 19, 254, 208, 253, 254, 254, 100, 0, 169, 92, 253, 196, 254, 254, 239, 1, 3, 34, 31, 243, 253, 250, 252, 1, 24, 243, 0, 250, 16, 254, 254, 249, 1, 221, 246, 0, 254, 2, 254, 23, 254, 14, 0, 2, 2, 59, 245, 0, 145, 215, 215]
[3, 249, 8, 70, 248, 230, 254, 246, 254, 254, 248, 236, 1, 0, 254, 211, 235, 10, 254, 50, 0, 23, 254, 209, 254, 254, 254, 101, 0, 176, 80, 254, 208, 254, 254, 241, 0, 4, 31, 28, 244, 253, 250, 253, 1, 27, 244, 0, 251, 16, 254, 254, 251, 0, 223, 246, 1, 254, 2, 254, 21, 254, 11, 0, 2, 2, 105, 246, 0, 145, 214, 181]
[3, 249, 8, 46, 248, 241, 254, 246, 254, 254, 248, 237, 1, 0, 254, 208, 240, 7, 254, 50, 0, 22, 254, 211, 253, 254, 254, 106, 0, 189, 127, 254, 163, 254, 254, 242, 1, 4, 28, 26, 245, 253, 251, 253, 1, 17, 244, 0, 252, 10, 254, 254, 249, 0, 229, 246, 0, 254, 1, 254, 24, 254, 16, 0, 2, 2, 160, 246, 0, 146, 246, 205]
[3, 249, 18, 48, 248, 205, 254, 246, 254, 254, 247, 237, 1, 0, 254, 209, 249, 8, 253, 50, 0, 25, 254, 211, 254, 253, 254, 102, 0, 180, 150, 253, 237, 254, 254, 242, 0, 8, 22, 22, 246, 254, 252, 252, 1, 48, 244, 0, 252, 11, 254, 254, 252, 0, 223, 246, 2, 254, 1, 254, 22, 254, 2, 0, 2, 2, 240, 246, 0, 146, 225, 128]
[4, 249, 10, 45, 248, 236, 254, 246, 254, 254, 246, 235, 1, 0, 253, 208, 241, 8, 254, 50, 0, 22, 254, 214, 253, 253, 254, 110, 0, 180, 156, 254, 165, 254, 254, 240, 1, 9, 30, 18, 246, 252, 250, 252, 1, 33, 242, 0, 252, 10, 254, 254, 242, 0, 233, 246, 0, 254, 2, 254, 25, 254, 23, 0, 2, 2, 176, 246, 0, 146, 234, 224]
[4, 249, 7, 36, 248, 236, 254, 246, 254, 254, 246, 235, 1, 0, 254, 207, 236, 6, 254, 50, 0, 21, 254, 216, 253, 253, 254, 115, 0, 186, 141, 253, 168, 254, 254, 239, 1, 8, 40, 17, 246, 253, 248, 253, 1, 33, 243, 0, 252, 10, 254, 254, 242, 0, 235, 246, 1, 254, 2, 254, 25, 254, 24, 0, 2, 2, 142, 246, 0, 146, 234, 233]
[4, 249, 19, 33, 248, 209, 254, 246, 254, 254, 246, 235, 1, 0, 254, 208, 247, 7, 254, 50, 0, 25, 254, 216, 254, 254, 254, 111, 0, 178, 155, 253, 226, 254, 254, 239, 0, 13, 25, 22, 246, 254, 250, 253, 1, 52, 243, 0, 252, 11, 254, 254, 249, 0, 224, 246, 1, 254, 2, 254, 24, 254, 5, 0, 2, 2, 232, 246, 0, 146, 231, 129]
[3, 249, 11, 29, 248, 237, 254, 246, 254, 254, 246, 235, 1, 0, 254, 206, 245, 6, 254, 50, 0, 22, 254, 218, 253, 254, 254, 115, 0, 185, 162, 254, 164, 254, 254, 240, 0, 8, 36, 24, 246, 253, 251, 254, 1, 24, 243, 0, 252, 8, 254, 254, 249, 1, 230, 246, 0, 254, 2, 254, 27, 254, 20, 0, 2, 2, 169, 247, 0, 146, 246, 211]
[3, 249, 8, 24, 248, 245, 254, 245, 254, 254, 247, 235, 1, 0, 254, 204, 243, 5, 254, 50, 0, 22, 254, 220, 254, 254, 254, 119, 0, 196, 170, 253, 156, 254, 254, 240, 0, 6, 39, 24, 247, 253, 251, 254, 1, 21, 244, 0, 252, 7, 254, 254, 247, 1, 228, 246, 0, 254, 2, 254, 30, 254, 16, 0, 2, 2, 168, 248, 0, 146, 247, 220]
[11, 248, 8, 84, 248, 235, 254, 228, 254, 254, 236, 229, 1, 0, 246, 167, 186, 26, 254, 49, 3, 57, 254, 223, 251, 254, 254, 117, 9, 163, 159, 247, 110, 254, 254, 237, 1, 17, 53, 108, 243, 251, 244, 253, 1, 46, 244, 0, 251, 68, 254, 254, 228, 1, 235, 245, 5, 250, 2, 254, 36, 253, 41, 0, 6, 2, 116, 248, 0, 146, 207, 238]
[16, 247, 8, 106, 249, 223, 254, 214, 254, 254, 223, 223, 1, 0, 237, 151, 159, 30, 254, 49, 4, 69, 254, 225, 245, 254, 254, 115, 15, 166, 160, 242, 106, 253, 254, 233, 3, 25, 56, 138, 237, 249, 240, 252, 2, 63, 243, 1, 249, 92, 254, 254, 229, 3, 241, 244, 4, 248, 2, 254, 45, 252, 60, 0, 10, 2, 93, 249, 0, 146, 202, 235]
[19, 246, 7, 112, 250, 215, 254, 203, 254, 254, 210, 216, 1, 0, 226, 142, 150, 30, 254, 49, 6, 72, 254, 227, 240, 254, 254, 112, 19, 178, 164, 239, 106, 253, 254, 229, 5, 31, 57, 153, 228, 248, 237, 249, 3, 76, 241, 1, 247, 103, 254, 254, 234, 4, 245, 243, 4, 247, 3, 254, 55, 251, 78, 0, 12, 2, 86, 249, 0, 146, 202, 227]
[21, 246, 7, 113, 251, 209, 254, 195, 254, 254, 201, 209, 1, 0, 216, 135, 149, 30, 254, 48, 6, 73, 254, 229, 234, 254, 254, 109, 21, 190, 170, 235, 106, 253, 254, 226, 6, 35, 57, 162, 221, 247, 235, 246, 4, 84, 239, 1, 244, 108, 254, 254, 238, 4, 248, 242, 4, 247, 3, 254, 65, 250, 96, 0, 13, 2, 86, 250, 1, 146, 202, 219]
[22, 246, 7, 113, 251, 201, 254, 189, 254, 254, 193, 204, 1, 0, 210, 130, 148, 28, 254, 46, 8, 70, 254, 229, 231, 254, 254, 106, 24, 197, 176, 232, 106, 253, 254, 224, 8, 39, 57, 162, 212, 245, 234, 245, 6, 85, 237, 2, 241, 110, 254, 254, 242, 3, 249, 241, 3, 247, 3, 254, 74, 249, 111, 0, 15, 2, 86, 251, 1, 146, 202, 210]
[23, 246, 7, 109, 251, 199, 254, 185, 254, 254, 187, 199, 1, 0, 202, 127, 148, 27, 254, 44, 9, 69, 253, 230, 228, 254, 254, 102, 24, 204, 179, 229, 106, 253, 254, 221, 9, 41, 57, 166, 204, 245, 232, 241, 8, 89, 235, 3, 238, 111, 254, 254, 244, 2, 249, 240, 3, 247, 3, 254, 82, 249, 119, 0, 15, 2, 81, 251, 1, 146, 202, 201]
[24, 246, 6, 107, 251, 195, 254, 182, 254, 254, 183, 196, 1, 0, 192, 125, 148, 27, 254, 43, 10, 69, 253, 230, 227, 254, 254, 99, 26, 207, 179, 228, 106, 253, 254, 219, 10, 42, 57, 167, 197, 245, 231, 240, 11, 91, 233, 2, 233, 112, 254, 254, 246, 2, 249, 239, 3, 248, 4, 254, 89, 248, 132, 0, 15, 2, 85, 251, 1, 146, 202, 191]
[24, 246, 6, 106, 251, 194, 253, 179, 253, 254, 179, 192, 1, 0, 189, 124, 148, 27, 254, 41, 11, 69, 252, 230, 225, 254, 254, 96, 30, 211, 179, 225, 106, 253, 254, 217, 11, 43, 57, 167, 191, 243, 230, 240, 15, 92, 232, 3, 228, 112, 254, 254, 247, 2, 248, 238, 3, 248, 5, 254, 95, 247, 146, 0, 15, 2, 86, 252, 1, 146, 206, 187]
[24, 246, 6, 106, 251, 193, 253, 177, 252, 254, 176, 190, 2, 0, 184, 123, 148, 30, 254, 39, 13, 69, 251, 230, 224, 254, 254, 92, 30, 213, 179, 224, 106, 253, 254, 216, 11, 44, 54, 167, 186, 242, 229, 237, 18, 92, 231, 2, 223, 112, 254, 254, 248, 3, 248, 237, 3, 248, 6, 254, 99, 245, 154, 0, 17, 2, 86, 252, 1, 146, 206, 182]
[24, 246, 6, 106, 251, 188, 253, 176, 251, 254, 174, 189, 2, 0, 182, 122, 154, 32, 254, 37, 14, 64, 250, 230, 224, 254, 254, 89, 30, 214, 183, 224, 100, 254, 254, 215, 11, 45, 53, 171, 182, 242, 228, 236, 21, 88, 229, 2, 217, 112, 254, 254, 248, 4, 248, 236, 3, 248, 6, 254, 102, 245, 154, 0, 18, 2, 86, 252, 1, 146, 206, 172]
[24, 246, 6, 106, 251, 186, 253, 175, 250, 254, 173, 188, 2, 0, 175, 122, 155, 31, 254, 35, 14, 62, 250, 228, 224, 254, 254, 86, 32, 214, 184, 222, 99, 254, 254, 214, 13, 46, 52, 173, 179, 241, 227, 236, 25, 87, 228, 2, 211, 112, 254, 254, 249, 4, 249, 235, 3, 248, 6, 254, 105, 245, 154, 0, 20, 2, 86, 252, 1, 146, 206, 169]
[24, 246, 6, 106, 251, 186, 253, 175, 249, 253, 172, 187, 2, 0, 172, 122, 155, 32, 254, 32, 14, 62, 250, 227, 224, 254, 254, 84, 32, 214, 185, 221, 99, 254, 254, 213, 14, 46, 52, 174, 176, 240, 227, 236, 30, 87, 226, 2, 206, 113, 254, 254, 249, 4, 249, 234, 3, 248, 6, 254, 107, 244, 154, 0, 21, 2, 86, 252, 1, 146, 206, 168]
[24, 246, 6, 106, 251, 186, 253, 175, 248, 252, 171, 187, 2, 0, 162, 121, 155, 33, 254, 29, 14, 62, 250, 226, 222, 254, 254, 82, 35, 214, 185, 219, 99, 254, 254, 212, 14, 45, 52, 174, 172, 240, 227, 233, 34, 87, 224, 2, 201, 113, 254, 254, 249, 4, 249, 233, 3, 248, 6, 254, 111, 242, 154, 0, 23, 2, 86, 252, 1, 146, 206, 159]
[24, 246, 5, 106, 251, 179, 253, 175, 248, 252, 170, 184, 2, 0, 155, 121, 155, 33, 254, 27, 16, 62, 250, 225, 221, 253, 254, 80, 36, 216, 185, 218, 99, 254, 254, 211, 14, 45, 52, 178, 169, 238, 228, 232, 39, 87, 222, 2, 197, 113, 254, 254, 249, 5, 249, 233, 3, 248, 6, 254, 114, 240, 166, 0, 24, 2, 86, 252, 1, 146, 206, 156]
[24, 246, 4, 110, 251, 176, 253, 173, 247, 252, 170, 182, 2, 0, 151, 121, 155, 34, 253, 25, 18, 62, 250, 223, 221, 252, 254, 78, 39, 217, 185, 218, 99, 254, 254, 211, 16, 45, 49, 175, 166, 237, 228, 232, 45, 87, 220, 2, 191, 113, 254, 254, 249, 5, 248, 233, 2, 248, 6, 254, 116, 240, 168, 0, 24, 2, 86, 252, 1, 146, 206, 150]
[24, 246, 4, 112, 251, 175, 253, 171, 246, 251, 170, 181, 2, 0, 142, 121, 155, 35, 254, 23, 18, 62, 249, 221, 221, 252, 254, 76, 40, 217, 185, 220, 99, 254, 254, 211, 17, 45, 49, 174, 164, 236, 228, 232, 50, 83, 217, 2, 183, 113, 254, 254, 249, 5, 248, 233, 2, 248, 6, 254, 118, 240, 178, 0, 27, 2, 86, 252, 1, 146, 206, 148]
[24, 246, 4, 112, 250, 171, 253, 169, 245, 251, 170, 181, 3, 0, 138, 121, 155, 35, 254, 21, 19, 62, 248, 220, 221, 252, 254, 75, 44, 217, 185, 221, 99, 254, 254, 210, 17, 45, 49, 174, 162, 235, 228, 232, 55, 81, 215, 2, 177, 113, 254, 254, 249, 5, 246, 233, 2, 248, 7, 254, 118, 239, 180, 0, 29, 2, 86, 252, 1, 146, 206, 139]
[24, 246, 4, 109, 250, 169, 253, 168, 244, 251, 170, 181, 3, 0, 136, 121, 162, 37, 254, 19, 20, 62, 248, 219, 221, 252, 254, 74, 44, 217, 185, 221, 99, 254, 254, 209, 17, 45, 49, 178, 160, 234, 228, 230, 61, 80, 212, 2, 170, 113, 254, 254, 249, 5, 245, 233, 2, 248, 8, 254, 118, 236, 180, 0, 31, 2, 86, 252, 1, 146, 206, 136]
