[0, 0] [0, 10]
     [0, 10]
[0, 0] [1166, 20]
     [1166, 20]
     [0, 10]
[0, 0] [4166, 30]
     [4166, 30]
     [0, 10]
     [1166, 20]
[0, 0] [4333, 40]
     [4333, 40]
     [0, 10]
     [1166, 20]
     [4166, 30]
[0, 0] [5459, 50]
     [5459, 50]
     [0, 10]
     [1166, 20]
     [4166, 30]
     [4333, 40]
[0, 0] [5665, 60]
     [5665, 60]
     [0, 10]
     [1166, 20]
     [4166, 30]
     [4333, 40]
     [5459, 50]
[0, 0] [7252, 70]
     [7252, 70]
     [0, 10]
     [1166, 20]
     [4166, 30]
     [4333, 40]
     [5459, 50]
     [5665, 60]
[0, 0] [7710, 80]
     [7710, 80]
     [0, 10]
     [1166, 20]
     [4166, 30]
     [4333, 40]
     [5459, 50]
     [5665, 60]
     [7252, 70]
[0, 0] [10628, 90]
     [10628, 90]
     [0, 10]
     [1166, 20]
     [4166, 30]
     [4333, 40]
     [5459, 50]
     [5665, 60]
     [7252, 70]
     [7710, 80]
