0 476
2316 474
2534 90
5024 647
8040 50
8912 635
11712 46
13064 354
13672 432
14768 615
14896 295
15600 560
15776 532
16512 650
18608 644
18704 642
19744 52
20400 166
20672 631
20848 632
21408 317
21888 654
21936 628
24032 647
24464 645
24816 25
25216 555
25552 592
25600 589
25600 604
26000 662
26032 639
26384 633
26432 659
26688 599
26736 631
27520 630
27616 654
28272 652
28272 653
28576 622
28656 651
28832 618
29056 624
29104 650
29616 648
30064 613
30272 668
30448 610
30448 649
30624 643
30720 602
30720 641
30896 609
31408 640
31504 637
31504 664
31680 636
31984 639
32032 603
32512 633
32544 662
32640 634
32640 661
32800 660
32992 629
33152 631
33216 628
33280 627
33344 630
33472 626
33568 622
33696 623
33888 625
34112 621
34112 624
34208 620
34688 619
34720 658
34816 653
34912 611
35008 617
35040 657
35168 615
35168 616
35392 650
35424 656
35488 609
35552 652
36032 302
36032 648
36128 607
36160 649
36256 646
36320 603
36320 604
36448 598
36448 647
36480 645
36576 671
36864 642
36928 595
36992 643
37088 601
37088 644
37696 588
37760 599
37824 586
37952 641
38016 589
38016 592
38144 668
38240 636
38368 632
38496 635
38592 633
38656 630
38880 629
38976 663
39072 560
39360 627
39552 625
39616 631
39744 660
39936 661
39968 617
40064 621
40096 626
40384 658
40416 620
40512 623
40544 622
40576 618
40640 611
40672 619
40800 615
40864 614
40896 612
40928 609
41056 613
41056 655
41216 662
41280 610
41376 608
41408 654
41600 606
41600 657
41632 602
41760 656
41984 471
42176 652
42208 605
42240 604
42240 607
42336 600
42368 596
42368 598
42368 601
42368 651
42432 593
42464 648
42496 603
42720 647
42720 653
42784 590
42784 594
42848 650
42912 595
42912 644
43072 582
43136 592
43200 645
43328 646
43328 649
43488 588
43680 642
43776 639
43872 577
43904 565
43968 578
44032 574
44032 576
44128 581
44128 638
44224 641
44288 580
44288 635
44384 572
44480 632
44512 568
44736 563
44832 545
44832 634
44864 637
44960 556
44992 539
44992 633
45248 554
45312 555
45408 628
45472 630
45568 627
45600 669
45696 623
45760 548
45792 665
45888 625
45952 81
45952 516
45952 558
46048 527
46144 629
46144 667
46400 619
46496 621
46496 684
46560 622
46560 626
46656 615
46912 612
47040 613
47040 660
47104 661
47136 663
47200 618
47232 610
47264 624
47360 605
47360 607
47392 662
47584 616
47616 601
47712 600
47712 657
47712 659
47744 658
47808 597
47936 655
47968 598
47968 606
48192 602
48224 604
48288 206
48320 594
48320 609
48320 653
48512 593
48576 589
48640 592
48704 650
48800 582
48800 583
48896 581
48896 585
49024 591
49056 588
49152 649
49632 563
49664 648
49664 652
49728 646
49792 647
49888 586
49984 587
50016 576
50080 559
50368 558
50368 577
50496 643
50592 569
50624 645
50720 644
50848 1
50944 539
50944 639
50944 641
50976 638
51040 642
51168 538
51264 546
51264 636
51584 516
51776 528
51776 635
52032 628
52160 634
52224 627
52288 499
52352 630
52384 517
52480 624
52512 619
52512 629
52640 668
52864 621
52864 631
52896 665
52960 620
52960 622
52992 503
53088 664
53184 478
53184 479
53312 472
53376 613
53568 608
53600 669
53664 618
53792 461
53824 612
53856 607
53952 601
54048 662
54272 603
54272 663
54304 660
54336 605
54336 661
54624 597
54656 602
54656 657
55008 659
55264 579
55328 592
55360 598
55392 655
55520 574
55520 590
55584 656
55584 658
55744 654
55808 652
55840 584
55872 593
55936 585
55936 591
56064 564
56096 650
56128 568
56288 653
56416 581
56448 559
56448 648
56544 558
56544 563
56672 566
56672 575
56704 649
56768 551
56768 556
57024 647
57152 545
57248 645
57312 552
57408 639
57440 177
57504 534
57504 561
57504 578
57536 554
57600 644
57664 542
57664 543
57728 546
57728 640
57856 643
57888 646
57920 537
58080 529
58144 538
58208 510
58208 536
58208 638
58240 522
58240 530
58336 532
58368 513
58368 520
58400 524
58400 526
58400 635
58400 636
58464 637
58560 641
58560 673
58688 518
58688 632
58720 642
58752 634
58816 633
58880 514
59168 672
59200 670
59424 627
59456 521
59456 624
59456 669
59520 305
59520 494
59552 480
59584 621
59648 479
59712 515
59712 628
59776 496
59776 668
59872 417
59872 485
59936 619
60064 614
60128 623
60288 611
60416 662
60416 664
60416 665
60416 666
60480 612
60512 617
60640 605
60736 663
60768 606
60864 609
60960 622
61216 607
61248 615
61376 618
61504 660
61600 661
61920 600
61952 596
62080 658
62176 589
62336 593
62432 581
62528 659
62688 654
62816 580
62880 586
62880 590
62880 656
62912 657
63040 591
63104 587
63136 650
63232 566
63360 651
63392 556
63616 561
63648 557
63648 647
63744 563
63744 648
63744 652
63904 558
64064 646
64096 649
64224 643
64224 644
64256 552
64256 554
64352 645
64416 549
64480 642
64544 547
64544 555
64704 539
65088 535
65152 641
65376 536
65440 510
65504 518
65504 636
65728 507
65728 630
65728 631
65728 632
65728 66
65856 637
65856 640
65856 530
65856 639
65920 633
65984 504
66048 628
66112 513
66112 629
66112 634
66304 490
66432 671
66688 626
66816 627
66880 485
66944 617
67136 625
67200 615
67200 666
67264 610
67264 618
67392 614
67520 616
67584 664
67712 623
67776 668
67904 611
67968 667
68160 662
68288 601
68352 612
68352 658
68416 660
68416 663
68480 607
68608 56
68608 600
68608 665
68928 661
68992 604
69056 599
69056 659
69184 602
69184 598
69248 593
69312 590
69568 655
69760 582
69888 572
69888 580
69888 588
69888 654
70016 653
70016 656
70080 584
70080 652
70144 657
70272 586
70272 651
70400 563
70400 565
70656 558
70720 650
70848 647
70912 562
70912 645
70976 648
70976 649
71104 551
71168 644
71360 642
71424 549
71488 550
71552 646
71680 545
71744 548
71808 552
72000 554
72064 546
72128 536
72128 639
72192 633
72192 640
72192 643
72512 636
72512 637
72512 513
72640 194
72640 534
72768 291
72768 494
72832 512
72896 644
73024 530
73344 496
73408 634
73408 671
73472 516
73472 670
73536 487
73536 618
73664 628
73664 629
73856 623
73984 622
73984 624
73984 630
73984 667
74048 472
74112 635
74240 321
74240 668
74304 258
74304 147
74304 312
74304 466
74432 616
74496 617
74560 666
74752 619
74752 620
74816 611
74944 608
75136 613
75264 661
75392 665
75456 329
75456 612
75456 614
75520 663
75584 598
75648 615
75648 659
75648 606
75776 601
75904 591
75904 594
75904 604
75968 660
76096 662
76224 593
76352 596
76352 597
76416 603
76480 595
76480 599
76608 573
76736 576
76736 602
76800 656
76800 658
76864 574
76864 590
76928 657
76992 570
77120 651
77184 566
77248 589
77248 653
77312 571
77312 586
77312 572
77568 560
77568 652
77568 654
77568 655
77824 561
78016 562
78016 648
78144 650
78272 649
78272 550
78272 554
78272 555
78272 646
78272 647
78336 558
78528 556
78656 548
78720 538
78784 645
78848 641
78848 643
78848 638
78912 539
79040 534
79040 545
79104 553
79232 640
79232 529
79232 543
79360 642
79488 639
79488 519
79552 527
79680 636
79808 635
79808 637
79936 633
80000 630
80128 627
80320 634
80320 505
80448 499
80512 628
80640 674
80832 624
80896 626
80896 629
80960 485
81152 472
81152 621
81280 669
81280 470
81408 617
81408 673
81536 49
81600 670
81728 614
81856 613
81984 619
82112 618
82112 665
82240 607
82240 667
82240 609
82368 615
82560 608
82688 601
82688 668
82752 663
82816 610
82816 611
82880 612
82944 597
83072 591
83072 603
83136 662
83200 593
83200 659
83200 51
83200 661
83328 664
83456 595
83456 658
83520 657
83584 602
83904 576
84032 654
84160 582
84160 660
84224 587
84224 655
84352 653
84416 598
84608 568
84608 585
84608 574
84608 588
84736 652
84800 562
84928 656
84992 580
85120 565
85120 651
85184 558
85440 561
85440 649
85504 542
85568 645
85696 548
85760 646
85888 549
85952 650
86016 555
86144 532
86144 553
86144 643
86208 647
86272 641
86336 648
86400 640
86400 642
86528 635
86912 636
87040 529
87040 633
87040 639
87232 531
87296 492
87296 638
87424 637
87424 644
87488 494
87488 524
87552 503
87552 627
87680 501
87680 631
87680 634
87680 671
87744 623
87936 504
88000 626
88000 632
88064 630
88192 629
88320 624
88448 493
88448 618
88512 456
88576 482
88576 670
88576 675
88896 673
89024 614
89024 622
89024 625
89024 668
89088 616
89152 615
89152 408
89280 599
89344 451
89344 612
89344 664
89536 667
89600 606
89664 666
89728 439
89792 621
89856 609
89984 610
90368 592
90368 662
90368 601
90368 608
90368 661
90432 604
90496 591
90496 618
90752 586
90880 578
90880 580
91136 596
91136 600
91200 263
91200 577
91200 582
91264 602
91328 657
91392 575
91520 574
91520 573
91712 576
91776 594
91776 658
91840 653
92096 652
92160 557
92160 587
92224 566
92288 565
92288 562
92288 568
92480 649
92480 650
92608 561
92864 651
92864 558
92864 560
92864 647
92992 537
92992 555
93184 645
93248 539
93312 530
93440 550
93504 543
93504 544
93568 540
93632 644
93696 548
93696 549
93696 646
93824 639
93888 637
93952 524
93952 529
94144 633
94144 638
94208 547
94272 641
94336 510
94336 632
94400 640
94656 512
94720 631
94912 483
94912 629
95040 498
95040 634
95040 496
95040 635
95104 630
95168 263
95232 625
95232 626
95296 623
95360 628
95424 491
95488 621
95616 636
95680 616
95680 673
95872 622
95936 478
96000 620
96064 667
96320 619
96384 421
96448 436
96448 668
96512 405
96512 605
96576 671
96576 407
96640 615
96704 606
96704 665
96896 612
97088 613
97152 609
97152 591
97152 614
97280 225
97280 604
97408 617
97536 666
97600 590
97600 610
97664 661
97664 662
97664 597
97792 240
97792 589
97792 595
97792 598
97920 586
98112 660
98112 602
98176 663
98240 578
98240 664
98240 593
98368 585
98688 579
98688 657
98688 659
98752 656
98816 568
98944 653
99136 576
99200 655
99328 569
99328 654
99328 559
99328 582
99584 565
99648 566
99648 567
99840 562
99904 561
99904 652
100032 542
100032 646
100096 649
100160 548
100160 557
100224 552
100352 650
100480 532
100544 648
100544 647
100672 550
100736 549
100736 643
100864 543
100928 642
100928 645
100992 540
101120 200
101120 524
101120 644
101120 688
101248 536
101312 274
101312 639
101376 637
101504 640
101568 641
101568 521
101696 517
101696 632
102016 512
102080 522
102080 628
102144 527
102336 638
102528 497
102528 498
102592 341
102656 239
102784 630
102784 471
102784 633
103040 618
103040 629
103168 621
103360 695
103616 625
103616 614
103680 669
103744 619
103808 611
103872 617
104000 622
104128 431
104192 666
104256 411
104256 665
104320 607
104448 599
104576 613
104576 663
104640 610
104704 593
104704 605
104704 606
104960 601
105088 581
105088 660
105280 604
105280 583
105280 595
105280 600
105280 659
105408 579
105408 584
105472 612
105536 577
105728 657
105728 662
105728 664
105792 580
105856 578
105920 592
105920 596
105920 591
105984 587
105984 658
106048 656
106112 585
106112 570
106112 655
106176 572
106240 590
106368 569
106496 568
106688 654
106880 566
106944 564
106944 652
107072 574
107200 650
107392 653
107456 551
107584 558
107712 556
107776 646
107840 546
107904 648
107904 644
107904 645
107968 643
108096 549
108160 538
108160 543
108160 544
108480 524
108544 539
108800 640
108992 513
108992 533
108992 632
108992 642
108992 649
109120 629
109120 637
109120 639
109184 517
109376 288
109376 494
109568 501
109568 630
109632 483
109696 635
109952 634
110016 627
110016 628
110080 693
110336 621
110336 672
110400 276
110400 618
110400 620
110464 472
110464 625
110528 675
110720 623
110784 611
111168 674
111424 608
111424 609
111616 427
111616 38
111680 619
111744 616
111808 599
111808 613
111872 606
112000 661
112128 607
112128 600
112192 668
112256 662
112384 275
112384 586
112384 660
112704 189
112768 580
112832 587
112896 584
112896 589
112960 594
112960 658
113024 579
113088 585
113088 577
113216 571
113280 582
113344 573
113408 574
113472 657
113536 591
113536 656
113664 566
113856 567
113856 655
113984 565
114048 569
114176 651
114432 556
114496 652
114624 558
114624 650
114624 559
114624 560
114624 653
114752 84
114752 647
114816 554
114880 551
114880 550
114880 553
115008 555
115008 648
115072 544
115200 545
115264 649
115392 532
115392 644
115456 547
115456 549
115840 527
115840 641
115840 538
115968 643
116160 517
116160 637
116224 519
116288 642
116672 631
116736 634
116800 627
116864 509
117056 632
117056 633
117120 493
117248 8
117248 628
117248 482
117248 635
117312 473
117376 625
117504 626
117504 629
117568 670
117632 462
117632 465
117760 671
117760 673
118080 666
118144 604
118336 448
118336 618
118400 619
118592 609
118592 614
118720 611
118720 623
118720 624
118848 615
119040 627
119040 664
119104 662
119168 663
119168 667
119232 612
119296 661
119424 595
119488 356
119616 660
119680 606
119744 579
119744 665
119808 602
120000 583
120128 599
120192 574
120192 658
120256 591
120256 581
120256 656
120320 605
120384 590
120448 578
120576 576
120576 594
120704 570
120896 655
120896 659
120960 567
120960 586
121152 654
121216 568
121216 571
121344 564
121408 561
121472 569
121472 651
121472 657
121664 558
121664 652
121792 650
121792 562
121792 565
121920 557
121984 551
121984 560
121984 649
122048 559
122176 648
122176 550
122176 566
122240 23
122240 547
122368 537
122368 540
122368 653
122752 647
122752 646
122816 542
122880 538
122880 637
122880 641
122944 529
122944 640
123072 642
123072 645
123328 644
123456 517
123584 438
123584 533
123584 523
123584 633
123584 643
123712 528
123840 632
123840 508
123840 531
123840 635
124096 507
124096 527
124288 629
124416 634
124416 630
124800 631
124800 628
125184 626
125248 675
125312 619
125376 616
125376 618
125376 667
125440 613
125504 620
125568 617
125632 612
125824 609
126144 610
126144 615
126208 668
126272 665
126464 663
126528 604
126528 670
126656 598
126720 603
126720 593
126720 662
126784 607
126848 597
127104 589
127104 661
127168 659
127296 590
127360 581
127360 657
127424 588
127424 594
127488 587
127808 573
127808 578
127808 574
127872 582
128000 570
128128 653
128256 596
128384 572
128448 569
128448 655
128640 560
128640 566
128832 565
128896 563
128960 651
128960 559
128960 562
129088 652
129152 556
129152 656
129216 654
129472 650
129600 545
129600 553
129600 649
129664 646
129664 647
129920 648
129984 554
130048 642
130048 542
130112 551
130112 552
130112 645
130304 524
130304 546
130304 643
130432 644
130496 641
130560 532
130688 519
130944 634
130944 636
131008 518
131072 637
131456 511
131456 515
131712 501
131712 304
131712 500
131840 632
131968 628
131968 643
131968 488
132096 633
132096 626
132224 218
132352 482
132352 631
132480 623
132736 624
132736 670
132992 616
133120 615
133120 20
133248 440
133248 413
133248 618
133248 627
133376 611
133376 664
133632 614
133760 613
134016 606
134016 619
134144 91
134144 592
134144 608
134144 665
134272 345
134272 598
134400 585
134400 607
134528 591
134528 610
134528 660
134656 587
134784 658
134784 605
134912 589
134912 597
135040 600
135168 655
135296 574
135296 594
135296 651
135296 653
135424 596
135424 599
135552 654
135552 582
135552 652
135552 567
135552 588
135808 650
135808 570
135808 576
136064 562
136448 560
136448 649
136576 559
136576 563
136576 648
136704 552
136704 554
136832 693
136832 551
136960 580
136960 548
136960 645
136960 647
137088 544
137216 644
137344 642
137472 550
137600 540
137600 547
137600 641
137728 545
137984 519
137984 543
137984 643
138368 640
138368 512
138368 528
138368 529
138624 639
138752 638
138880 398
138880 635
139008 627
139008 630
139008 498
139008 496
139008 631
139136 628
139264 633
139264 637
139520 624
139648 626
139776 613
139776 619
139904 620
139904 672
139904 623
139904 625
140032 471
140032 634
140032 456
140160 616
140160 629
140160 614
140288 607
140416 617
140544 622
140672 612
140800 602
141056 361
141056 598
141056 667
141184 606
141312 662
141312 657
141568 609
141568 658
141568 605
141824 592
141824 597
141824 601
141952 589
142080 581
142208 591
142336 659
142336 570
142464 653
142464 204
142464 580
142592 655
142592 568
142592 572
142592 654
142720 651
142720 650
142720 656
142720 46
142720 590
142848 567
142848 583
142848 648
142976 594
142976 564
143104 560
143104 562
143104 649
143232 647
143360 561
143360 646
143488 558
143488 563
143488 559
144128 645
144256 553
144256 644
144384 539
144384 643
144512 549
144512 555
144512 640
144640 538
144768 554
144896 535
145024 526
145024 642
145024 543
145152 531
145152 639
145280 532
145280 509
145408 536
145408 514
145408 637
145536 641
145664 510
145664 530
145664 638
145792 634
145920 505
146048 499
146048 636
146176 626
146176 635
146176 501
146176 629
146176 630
146176 632
146304 633
146304 492
146560 474
146560 498
146688 564
146688 625
146816 623
146816 624
146944 631
147072 627
147200 483
147200 628
147328 621
147456 618
147584 612
147584 619
147584 614
147584 622
147840 620
147840 617
148096 609
148224 656
148352 606
148352 659
148480 601
148480 602
148480 592
148480 608
148736 596
148736 661
148864 615
148864 599
148864 655
149120 611
149248 590
149248 654
149248 568
149376 588
149376 586
149504 566
149504 569
149760 651
149760 648
149760 587
149888 564
150016 560
150016 563
150144 562
150144 650
150144 597
150272 581
150272 556
150272 580
150400 559
150400 652
150400 576
150400 644
150528 646
150528 247
150528 653
150656 558
150784 584
150784 554
150912 557
150912 555
151040 641
151168 553
151168 645
151424 640
151424 642
151424 549
151424 550
151424 551
151424 545
151424 552
151552 547
151680 548
151680 544
151680 636
151808 542
151808 546
151808 541
151936 637
151936 639
152448 539
152448 526
152448 634
152448 515
152448 532
152448 535
152576 514
152576 513
152576 534
152704 507
152704 510
152704 512
152704 638
152832 564
152832 629
152832 631
152832 511
152960 506
152960 521
152960 529
153088 504
153088 630
153088 632
153088 505
153088 633
153216 626
153216 561
153344 624
153344 635
153344 628
153472 627
153472 490
153600 501
153600 621
153600 625
153728 481
153728 477
153728 424
153856 559
153856 620
153984 556
153984 618
154112 557
154240 554
154240 617
154240 619
154368 469
154368 470
154368 61
154368 615
154368 623
154496 616
154496 475
154496 555
154496 553
154752 613
154880 436
154880 433
154880 622
155008 609
155136 548
155136 606
155136 610
155264 608
155264 612
155392 607
155392 594
155392 399
155392 602
155520 652
155648 603
155648 604
155648 605
155776 601
156032 596
156032 587
156160 595
156160 651
156160 523
156160 563
156160 591
156288 597
156416 525
156416 564
156544 598
156672 589
156672 590
156672 161
156672 560
156672 580
156672 588
156672 562
156672 593
156672 653
156800 559
156800 578
156928 647
156928 557
157056 515
157056 555
157056 558
157056 650
157056 599
157056 648
157184 556
157184 576
157312 641
157312 643
157312 646
157312 554
157440 553
157440 581
157440 645
157568 552
157568 550
157568 585
157696 547
157696 549
157696 642
157696 644
157824 573
157824 575
157824 583
157824 551
157952 546
157952 579
158080 572
158080 638
158080 640
158208 543
158208 545
158208 639
158336 541
158336 535
158464 537
158592 542
158720 570
158720 538
158720 539
158848 529
158848 536
158848 571
158848 544
158976 540
158976 634
158976 526
158976 530
158976 534
158976 517
158976 533
159104 519
159104 524
159104 525
159104 531
159232 527
159232 520
159360 512
159360 518
159360 633
159360 515
159360 565
159360 632
159488 509
159488 514
159488 522
159488 628
159488 506
159488 513
159488 631
159616 511
159616 508
159616 562
159744 507
159744 563
159744 626
159872 501
159872 622
159872 504
159872 559
160000 505
160000 561
160000 502
160128 496
160128 503
160128 500
160128 499
160128 625
160256 630
160256 498
160256 490
160256 629
160384 554
160384 492
160384 495
160384 624
160384 627
160512 497
160512 621
160512 555
160512 491
160640 487
160640 558
160640 623
160768 488
160768 489
160768 494
160768 619
160768 614
160896 468
160896 470
160896 552
160896 620
160896 443
161024 483
161024 551
161024 460
161024 493
161024 549
161024 615
161152 482
161152 485
161152 550
161280 469
161280 473
161280 548
161280 616
161280 617
161280 462
161280 476
161408 618
161408 471
161536 543
161536 454
161536 458
161536 547
161536 610
161664 546
161664 611
161664 448
161664 450
161664 605
161664 609
161664 612
161664 622
161792 544
161792 606
161920 613
162048 595
162048 541
162048 542
162048 603
162176 598
162176 599
162176 432
162176 435
162304 537
162304 601
162304 427
162304 540
162304 653
162432 608
162432 654
162432 539
162560 414
162560 535
162560 607
162688 368
162688 388
162688 536
162688 604
162816 592
162816 593
162816 602
162816 532
162816 586
162816 600
162944 596
162944 590
163072 527
163072 562
163200 573
163200 588
163200 649
163200 559
163328 579
163328 582
163328 597
163328 563
163456 578
163456 557
163456 558
163584 594
163584 516
163584 556
163584 577
163712 555
163712 648
163840 466
163840 467
163840 645
163968 553
163968 574
163968 549
163968 554
163968 583
163968 642
164096 571
164096 470
164224 552
164224 551
164224 581
164224 646
164352 550
164352 256
164352 576
164480 448
164480 547
164480 639
164608 543
164608 641
164608 644
164608 544
164736 548
164736 545
164736 546
164736 643
164864 542
164864 541
164992 640
164992 533
165120 539
165120 568
165120 634
165120 636
165120 540
165120 635
165120 536
165120 538
165120 638
165248 537
165248 535
165376 531
165376 532
165632 528
165632 529
165632 534
165632 518
165632 526
165632 566
165760 523
165760 524
165760 525
165760 530
165760 632
165760 274
165760 521
165760 522
165888 515
165888 520
165888 637
165888 564
166016 510
166016 513
166016 527
166016 629
166016 633
166144 511
166144 504
166144 506
166144 517
166144 519
166144 509
166400 502
166400 512
166400 514
166400 560
166400 507
166400 626
166400 505
166400 516
166528 503
166656 500
166784 625
166784 498
166784 501
166784 508
166784 622
166912 628
166912 499
166912 557
167040 497
167040 623
167040 631
167040 624
167040 218
167040 495
167168 493
167168 494
167168 621
167168 555
167168 492
167296 551
167296 618
167296 619
167296 620
167296 553
167296 496
167424 478
167424 484
167424 488
167424 490
167424 552
167424 489
167424 485
167424 547
167424 550
167424 615
167552 486
167552 613
167552 479
167552 491
167552 549
167680 482
167680 477
167680 454
167680 616
167808 464
167808 545
167808 475
167808 476
167808 614
167936 465
167936 474
167936 459
167936 462
167936 471
167936 480
167936 548
168064 467
168064 469
168064 472
168064 481
168064 455
168064 470
168064 543
168064 611
168192 446
168192 457
168192 463
168192 544
168192 672
168192 458
168192 537
168192 602
168192 612
168192 436
168192 538
168192 604
168192 617
168320 442
168320 432
168320 444
168320 541
168320 605
168320 609
168448 540
168576 536
168576 539
168576 542
168576 658
168576 434
168576 603
168576 607
168576 427
168576 429
168576 601
168576 610
168704 460
168704 595
168704 402
168704 413
168704 371
168704 424
168704 428
168704 439
168832 430
168832 531
168832 433
168832 532
168832 662
168960 353
168960 401
168960 390
168960 529
168960 600
169088 535
169088 382
169088 596
169088 588
169216 392
169216 525
169216 526
169216 598
169216 528
169344 590
169344 524
169344 580
169344 593
169344 597
169344 354
169344 515
169344 594
169472 386
169472 517
169472 520
169472 592
169472 562
169600 522
169600 494
169600 608
169600 492
169600 583
169600 591
169728 561
169728 516
169728 518
169728 499
169728 556
169856 344
169856 490
169856 581
169856 514
169856 558
169856 563
169856 587
169984 586
169984 491
169984 648
169984 507
169984 645
170112 557
170112 647
170112 559
170112 582
170112 584
170112 487
170240 485
170240 486
170240 482
170240 483
170240 555
170368 322
170368 477
170368 479
170368 579
170368 550
170496 484
170496 554
170496 469
170496 470
170496 551
170496 644
170496 463
170496 589
170496 643
170624 466
170624 465
170624 553
170624 460
170624 472
170752 549
170752 453
170752 481
170880 464
170880 546
170880 577
170880 451
170880 576
171008 456
171008 642
171136 443
171136 450
171136 544
171136 545
171136 641
171136 448
171264 110
171264 441
171264 446
171264 539
171264 541
171264 548
171264 573
171264 280
171264 638
171264 639
171392 547
171392 440
171392 444
171392 570
171520 438
171520 534
171520 575
171520 434
171520 571
171520 405
171520 532
171520 543
171648 542
171648 637
171648 430
171648 536
171648 578
171776 527
171776 533
171776 537
171776 538
171776 540
171776 531
171776 636
171776 398
171776 424
171776 429
171776 535
171904 418
171904 568
171904 635
172032 524
172032 565
172032 632
172032 567
172160 526
172160 529
172160 390
172160 528
172160 634
172160 379
172160 516
172160 520
172160 525
172160 631
172288 408
172288 630
172288 521
172288 512
172288 523
172416 515
172416 519
172416 513
172544 510
172544 514
172544 522
172544 511
172544 518
172544 629
172672 509
172672 558
172672 627
172800 285
172800 349
172800 501
172800 517
172928 505
172928 498
172928 563
172928 626
172928 506
172928 507
172928 508
173056 150
173056 500
173056 502
173056 504
173184 503
173184 628
173184 494
173184 497
173184 496
173184 499
173184 554
173312 633
173312 495
173440 552
173440 621
173568 624
173568 493
173696 491
173696 492
173824 489
173824 617
173824 625
173824 486
173824 550
173952 478
173952 547
173952 464
173952 474
173952 483
173952 484
173952 487
173952 490
173952 616
174080 468
174080 614
174080 485
174080 613
174080 618
174080 619
174080 475
174080 481
174080 549
174208 545
174208 458
174208 476
174208 548
174208 457
174208 461
174208 479
174336 482
174336 449
174336 459
174336 480
174336 453
174336 471
174336 477
174336 541
174464 438
174464 465
174464 472
174464 611
174464 350
174464 456
174464 546
174464 467
174464 470
174464 537
174464 623
174592 452
174592 539
174592 543
174592 615
174592 442
174592 604
174720 450
174720 451
174720 454
174720 533
174720 420
174720 443
174848 414
174848 463
174848 532
174848 536
174848 436
174848 540
174848 612
174848 428
174848 430
174848 447
174848 455
174848 460
174976 440
174976 530
174976 602
174976 610
174976 425
174976 535
175104 417
175104 606
175104 605
175232 286
175232 429
175232 609
175232 382
175232 413
175232 596
175232 599
175360 525
175360 379
175360 412
175360 529
175360 516
175488 401
175488 526
175488 600
175488 519
175616 528
175616 357
175616 405
175616 522
175616 598
175744 346
175744 400
175744 403
175744 523
175744 336
175744 396
175744 607
175744 325
175744 358
175744 595
175744 597
175872 339
175872 608
175872 513
175872 590
175872 514
176000 583
176000 329
176000 335
176000 585
176000 648
176000 365
176000 384
176000 394
176000 517
176128 494
176128 495
176128 497
176128 509
176128 584
176128 328
176128 493
176128 498
176128 512
176128 647
176256 290
176256 293
176256 557
176256 588
176256 330
176256 484
176256 320
176256 349
176384 560
176384 490
176384 491
176384 301
176384 553
176384 574
176512 559
176512 486
176512 492
176512 581
176512 642
176640 475
176640 580
176640 479
176640 480
176640 485
176640 586
176640 591
176640 644
176768 229
176768 472
176768 579
176768 249
176768 470
176768 469
176768 474
176768 478
176896 477
176896 466
176896 471
176896 555
176896 646
176896 468
177024 476
177024 550
177024 578
177024 551
177152 454
177152 455
177152 456
177152 641
177152 460
177152 547
177152 576
177152 552
177280 448
177280 577
177280 446
177280 543
177280 458
177280 545
177280 573
177280 643
177408 453
177408 463
177408 452
177408 639
177408 439
177408 572
177536 450
177536 538
177536 433
177536 539
177536 542
177536 544
177664 442
177664 447
177664 440
177664 541
177792 432
177792 436
177792 571
177792 582
177792 531
177792 638
177792 426
177792 637
177920 422
177920 429
177920 434
177920 536
177920 537
177920 421
177920 427
177920 428
177920 534
177920 415
178048 409
178048 569
178048 406
178048 416
178048 417
178048 430
178048 530
178048 533
178048 635
178176 535
178176 402
178176 408
178304 527
178304 529
178304 567
178304 632
178304 630
178304 394
178304 397
178304 398
178304 403
178304 405
178304 525
178432 388
178432 390
178432 526
178432 528
178432 565
178432 395
178432 521
178560 377
178560 391
178560 633
178560 337
178560 631
178560 513
178560 532
178688 374
178688 519
178688 524
178816 203
178816 316
178816 342
178816 509
178816 515
178816 522
178816 628
178816 343
178816 636
178944 338
178944 516
178944 518
178944 504
178944 520
178944 308
178944 320
178944 334
178944 517
178944 634
179072 510
179072 322
179072 508
179072 514
179200 499
179200 278
179200 501
179200 627
179328 502
179328 500
179328 561
179456 346
179456 556
179456 623
179456 260
179456 506
179456 557
179456 625
179456 505
179584 497
179584 554
179584 498
179584 496
179712 494
179712 619
179712 495
179712 503
179840 490
179840 489
179968 488
179968 492
179968 553
179968 624
180096 484
180096 486
180096 491
180096 549
180096 620
180096 621
180224 479
180224 467
180224 477
180352 476
180352 478
180352 482
180352 546
180352 468
180352 483
180352 485
180352 547
180352 610
180480 464
180480 469
180480 475
180608 471
180608 481
180608 457
180608 474
180608 473
180736 472
180736 440
180736 449
180864 442
180864 446
180864 451
180864 614
180992 465
180992 294
180992 444
180992 470
180992 445
180992 452
181120 340
181120 375
181120 535
181120 292
181120 459
181120 537
181120 612
181120 616
181248 426
181248 431
181248 539
181248 364
181248 439
181248 455
181248 615
181248 604
181376 329
181376 427
181376 603
181376 609
181376 613
181376 342
181376 412
181376 531
181376 608
181376 401
181376 416
181376 418
181376 421
181376 428
181376 437
181376 454
181376 602
181504 330
181504 423
181504 606
181504 336
181504 413
181504 425
181504 536
181504 406
181632 395
181632 399
181632 408
181632 320
181632 420
181632 393
181632 596
181632 601
181760 598
181760 380
181760 422
181760 435
181760 524
181760 528
181760 605
181760 392
181888 417
181888 518
181888 522
181888 592
181888 411
181888 520
181888 321
181888 389
181888 402
181888 521
181888 527
182016 318
182016 523
182016 279
182016 288
182016 365
182016 366
182016 494
182016 594
182016 595
182016 599
182016 649
182144 511
182144 593
182144 600
182144 379
182144 390
182144 276
182144 295
182144 317
182144 347
182144 512
182272 250
182272 335
182272 354
182272 587
182272 257
182272 337
182272 496
182272 584
182272 325
182400 287
182400 323
182400 328
182400 495
182400 281
182400 373
182400 490
182400 334
182400 507
182400 509
182400 556
182400 591
182400 597
182528 300
182528 493
182528 478
182528 586
182528 312
182528 578
182656 301
182656 480
182656 582
182656 270
182656 273
182656 487
182656 491
182656 585
182784 251
182784 557
182784 561
182784 579
182784 248
182784 297
182784 299
182784 307
182784 333
182784 481
182784 482
182784 580
182912 554
182912 589
182912 262
183040 486
183040 253
183040 467
183040 470
183040 471
183040 474
183040 553
183040 581
183040 463
183040 472
183040 476
183040 583
183168 316
183168 324
183168 468
183168 551
183168 574
183168 475
183168 548
183296 549
183296 464
183296 466
183296 576
183424 460
183424 588
183424 241
183424 450
183424 454
183424 461
183424 571
183552 458
183552 452
183552 453
183552 545
183552 547
183552 455
183552 542
183680 449
183680 462
183680 441
183680 443
183680 456
183680 440
183680 447
183680 539
183680 570
183680 639
183808 436
183808 543
183808 444
183936 438
183936 267
183936 575
183936 424
183936 428
183936 430
183936 431
183936 537
183936 568
184064 442
184064 429
184064 577
184064 540
184192 406
184192 425
184192 532
184192 635
184192 418
184192 541
184192 427
184192 433
184320 432
184320 631
184320 637
184320 22
184320 426
184320 405
184320 419
184448 294
184448 401
184448 533
184448 534
184448 228
184448 395
184448 408
184448 321
184448 524
184448 530
184448 636
184576 391
184576 535
184704 523
184704 526
184704 630
184704 632
184704 634
184704 388
184704 282
184704 387
184704 564
184832 357
184832 368
184832 378
184832 381
184832 389
184832 319
184832 322
184832 356
184960 369
184960 517
184960 336
184960 355
184960 367
184960 511
184960 515
185088 528
185088 306
185088 311
185088 514
185088 520
185216 519
185216 237
185216 508
185216 364
185216 503
185216 561
185216 629
185344 290
185344 506
185344 510
185344 500
185344 509
185344 501
185472 272
185472 325
185472 318
185472 502
185472 504
185472 507
185600 554
185600 512
185600 556
185600 623
185600 626
185600 627
185728 283
185856 498
185856 492
185856 622
185984 494
185984 621
185984 555
186112 496
186112 497
186112 617
186112 548
186240 484
186240 485
186240 495
186240 546
186368 488
186368 619
186368 489
186368 404
186368 469
186368 493
186496 486
186496 487
186496 614
186496 467
186624 482
186624 480
186752 490
186752 541
186880 481
186880 537
186880 382
186880 475
186880 478
186880 613
186880 461
186880 477
186880 609
187008 542
187008 458
187008 466
187008 618
187008 442
187008 615
187136 539
187264 347
187264 453
187264 459
187264 425
187264 434
187264 446
187264 457
187392 343
187392 443
187392 606
187392 327
187392 410
187392 439
187392 610
187392 344
187392 463
187520 431
187520 651
187520 351
187520 607
187520 611
187520 329
187520 413
187520 450
187520 452
187648 535
187648 433
187648 527
187648 529
187648 533
187648 605
187776 436
187776 337
187776 415
187776 652
187776 414
187776 419
187904 323
187904 396
187904 412
187904 437
187904 423
187904 520
187904 388
187904 400
187904 522
187904 601
188032 369
188032 402
188032 600
188032 341
188032 524
188032 304
188032 386
188032 595
188160 292
188160 389
188160 594
188160 596
188160 608
188160 259
188160 379
188160 387
188160 397
188288 301
188288 392
188288 497
188288 516
188288 375
188288 405
188288 377
188288 517
188288 589
188416 267
188416 302
188416 291
188416 318
188416 325
188416 371
188416 376
188544 515
188544 597
188544 336
188544 491
188544 494
188544 590
188544 261
188544 298
188672 588
188672 492
188672 286
188672 305
188672 310
188672 331
188672 346
188672 381
188672 490
188800 230
188800 290
188800 328
188800 512
188800 603
188800 321
188800 584
188800 587
188800 284
188800 484
188800 485
188800 505
188928 228
188928 319
188928 140
188928 253
188928 476
188928 482
188928 555
188928 289
188928 470
189056 275
189056 480
189056 552
189056 599
189056 242
189056 269
189056 477
189184 212
189184 479
189184 263
189184 580
189184 574
189312 241
189312 243
189312 293
189312 462
189312 224
189312 236
189312 251
189312 333
189312 342
189312 460
189312 550
189312 571
189312 592
189312 461
189312 465
189440 322
189440 466
189440 471
189440 579
189440 252
189440 307
189440 586
189440 593
189440 640
189568 473
189568 197
189568 283
189568 452
189568 456
189568 472
189568 549
189568 464
189696 240
189696 578
189696 454
189696 636
189696 582
189824 449
189824 450
189824 451
189824 547
189824 575
189824 576
189824 277
189824 448
189824 453
189952 444
189952 540
189952 447
189952 635
189952 642
189952 539
190080 194
190080 430
190080 232
190080 439
190080 441
190080 532
190080 315
190208 446
190208 566
190336 435
190336 569
190336 633
190336 634
190336 643
190336 432
190336 433
190336 438
190336 531
190336 418
190336 443
190336 564
190464 273
190464 407
190464 426
190464 528
190464 383
190464 417
190464 572
190464 399
190464 420
190464 422
190464 537
190592 403
190592 404
190592 568
190592 637
190720 394
190720 410
190720 332
190720 565
190720 401
190720 519
190720 530
190848 89
190848 380
190848 384
190848 391
190848 392
190848 631
190976 378
190976 379
190976 386
190976 325
191104 629
191104 355
191104 362
191104 520
191104 309
191104 385
191104 507
191104 514
191104 628
191232 366
191232 511
191232 222
191232 321
191232 513
191232 525
191232 526
191232 302
191232 518
191360 312
191360 352
191360 510
191360 288
191360 306
191360 369
191360 521
191360 630
191488 559
191488 503
191488 506
191488 508
191488 257
191488 338
191488 509
191616 502
191616 505
191616 249
191616 496
191744 310
191744 259
191744 498
191744 626
191744 250
191744 500
191744 504
191872 41
191872 501
191872 497
191872 246
191872 499
191872 621
191872 625
192000 437
192000 620
192128 495
192128 550
192256 493
192256 179
192256 487
192256 494
192256 492
192256 627
192384 286
192384 489
192384 546
192384 623
192384 490
192512 545
192512 485
192640 44
192640 618
192640 624
192768 616
192768 480
192768 484
192768 617
192768 417
192896 134
192896 477
192896 609
193024 476
193024 608
193024 605
193024 612
193024 479
193152 471
193152 622
193152 467
193152 361
193152 619
193280 472
193280 607
193280 449
193280 541
193280 458
193280 610
193408 347
193408 470
193408 443
193408 538
193408 343
193408 351
193408 445
193536 335
193536 353
193536 342
193536 348
193536 450
193536 533
193536 534
193664 460
193664 536
193664 426
193664 527
193664 451
193664 603
193792 441
193792 528
193792 539
193792 601
193792 602
193792 394
193920 305
193920 420
193920 604
193920 433
193920 532
194048 334
194048 414
194048 419
194048 391
194048 523
194176 340
194176 387
194176 412
194176 522
194176 324
194176 411
194176 600
194304 333
194304 409
194304 594
194304 393
194304 395
194304 399
194304 518
194432 388
194432 410
194432 490
194432 514
194432 519
194432 596
194432 586
194560 316
194560 323
194560 385
194688 317
194688 379
194688 382
194688 483
194688 512
194688 513
194688 593
194688 275
194688 308
194688 595
194688 307
194688 376
194688 582
194688 589
194688 591
194688 592
194688 606
194816 297
194816 338
194816 270
194816 273
194816 294
194816 355
194944 255
194944 332
194944 378
194944 475
194944 261
194944 319
194944 320
194944 325
195072 283
195072 477
195072 583
195072 599
195072 330
195072 485
195072 588
195072 213
195072 292
195072 354
195072 360
195200 314
195200 469
195200 482
195200 304
195328 550
195328 471
195456 264
195456 503
195584 464
195584 466
195584 547
195584 571
195584 574
195584 252
195584 312
195584 584
195712 288
195712 455
195712 457
195712 461
195712 544
195712 585
195712 643
195712 315
195712 463
195712 467
195712 638
195840 456
195840 447
195840 268
195840 446
195840 453
195968 577
195968 636
195968 445
195968 543
195968 545
195968 549
196096 434
196096 442
196096 540
196096 438
196096 452
196096 575
196224 173
196224 335
196224 421
196224 431
196224 443
196224 428
196224 432
196224 444
196224 451
196224 538
196352 263
196352 433
196352 450
196352 535
196352 567
196480 424
196480 436
196480 439
196480 573
196480 491
196608 533
196608 566
196608 531
196736 389
196736 400
196736 403
196736 402
196736 578
196864 396
196864 401
196864 413
196864 633
196864 392
196864 630
196864 309
196864 558
196992 390
196992 371
196992 373
196992 391
196992 524
196992 204
197120 302
197120 351
197120 366
197120 518
197120 313
197120 522
197120 632
197120 519
197248 332
197248 510
197248 565
197248 349
197248 521
197248 523
197376 301
197376 383
197376 517
197376 526
197376 374
197376 377
197376 514
197376 355
197376 556
197504 318
197504 509
197504 626
197504 292
197504 557
197504 629
197632 290
197632 310
197632 562
197632 201
197632 499
197632 508
197632 513
197632 504
197760 245
197760 279
197760 505
197760 272
197760 321
197760 495
197888 454
197888 503
197888 267
197888 498
197888 627
197888 496
197888 501
198016 622
198016 497
198016 258
198144 494
198144 623
198144 208
198144 624
198272 490
198272 487
198272 489
198272 620
198400 492
198400 621
198400 491
198400 617
198400 619
198528 411
198528 425
198528 615
198528 483
198528 484
198528 419
198528 485
198528 488
198656 480
198656 482
198784 415
198784 387
198784 479
198784 408
198912 397
198912 470
198912 394
198912 467
198912 537
199040 544
199040 472
199040 477
199040 538
199168 473
199168 539
199168 466
199168 453
199296 606
199296 616
199296 465
199296 618
199424 612
199424 463
199424 469
199424 603
199424 609
199552 462
199552 357
199552 534
199552 604
199552 610
199552 613
199680 450
199680 605
199680 336
199680 441
199808 536
199808 427
199808 437
199808 444
199808 528
199808 608
199808 328
199808 434
199808 438
199808 456
199936 607
199936 331
199936 436
199936 440
199936 443
199936 287
199936 433
199936 525
200064 304
200064 338
200064 431
200064 600
200064 445
200064 527
200192 399
200192 602
200192 417
200192 428
200192 519
200320 406
200320 410
200320 412
200320 599
200320 601
200320 390
200320 423
200448 330
200448 335
200448 381
200448 402
200448 409
200448 593
200448 389
200576 323
200576 596
200576 320
200576 382
200576 404
200704 592
200704 292
200704 378
200704 515
200704 290
200704 354
200704 393
200832 308
200832 365
200832 476
200832 489
200832 595
200832 366
200832 490
200832 301
200832 347
200960 376
200960 379
200960 590
200960 316
200960 277
200960 322
200960 507
201088 346
201088 475
201088 597
201088 319
201088 329
201088 364
201216 474
201216 548
201344 282
201344 326
201344 471
201344 97
201344 259
201344 270
201344 470
201344 274
201344 313
201472 230
201472 341
201472 212
201472 258
201472 467
201472 469
201472 578
201472 588
201600 580
201600 268
201600 573
201600 242
201600 466
201728 305
201728 448
201728 461
201728 465
201728 224
201728 577
201856 110
201856 309
201856 457
201856 446
201856 452
201856 455
201856 582
201984 196
201984 284
201984 450
201984 543
201984 570
201984 458
202112 442
202112 544
202112 572
202112 421
202112 439
202112 492
202112 575
202112 445
202240 451
202240 632
202240 432
202240 267
202240 436
202240 488
202368 444
202368 569
202368 235
202368 495
202368 413
202368 539
202496 430
202496 434
202496 566
202496 538
202496 630
202624 419
202624 408
202624 571
202752 383
202752 397
202752 424
202752 534
202880 231
202880 308
202880 374
202880 391
202880 530
202880 307
202880 370
202880 379
202880 393
202880 400
202880 402
202880 368
202880 481
202880 535
202880 567
202880 627
203008 342
203008 387
203008 406
203008 531
203008 565
203008 628
203136 384
203136 563
203264 367
203264 474
203264 519
203264 358
203264 377
203264 512
203264 520
203264 522
203264 525
203264 306
203264 521
203392 371
203392 524
203392 364
203392 472
203392 518
203392 294
203392 516
203520 511
203520 344
203520 464
203520 515
203520 557
203520 624
203520 505
203648 504
203648 506
203648 283
203648 503
203648 507
203648 245
203648 260
203648 303
203648 502
203648 508
203648 623
203776 499
203776 510
203776 271
203776 494
203776 498
203776 501
203776 621
203904 253
203904 261
203904 500
203904 266
203904 496
203904 556
204032 448
204160 626
204160 437
204160 491
204288 549
204288 428
204288 492
204288 493
204288 619
204288 423
204288 620
204416 244
204416 487
204416 489
204416 546
204544 484
204544 411
204544 485
204544 483
204672 416
204672 476
204672 488
204928 399
204928 414
204928 468
204928 609
204928 481
205056 615
205056 617
205056 608
205056 610
205056 613
205184 473
205184 612
205184 539
205184 614
205184 28
205184 455
205184 466
205184 470
205312 475
205312 373
205312 465
205312 324
205312 382
205312 458
205312 460
205440 354
205440 471
205568 445
205568 254
205568 454
205568 607
205696 288
205696 338
205696 351
205696 432
205696 450
205696 451
205696 452
205696 449
205696 203
205696 342
205696 352
205696 441
205696 446
205696 457
205824 434
205824 462
205824 463
205824 534
205824 332
205824 430
205824 606
205952 435
205952 526
205952 527
205952 605
205952 424
205952 444
206080 421
206080 601
206080 229
206080 418
206080 524
206080 599
206208 410
206208 604
206208 415
206208 595
206208 419
206208 420
206208 513
206336 406
206336 427
206336 596
206336 397
206336 380
206336 398
206336 407
206464 391
206464 429
206464 327
206464 331
206464 394
206464 412
206464 594
206464 603
206464 486
206464 522
206592 299
206592 381
206592 396
206592 600
206720 358
206720 379
206720 586
206720 364
206720 355
206720 359
206720 377
206848 365
206848 588
206848 592
206848 367
206848 383
206848 376
206848 478
206976 378
206976 479
206976 322
206976 582
206976 602
206976 330
206976 590
206976 598
207104 323
207104 474
207104 477
207104 589
207104 581
207104 583
207104 312
207104 507
207232 293
207232 472
207232 222
207232 313
207232 349
207232 475
207232 481
207232 580
207232 319
207232 326
207232 469
207232 578
207232 587
207360 593
207360 284
207360 296
207360 302
207360 317
207360 476
207360 465
207488 502
207488 309
207488 468
207488 461
207616 459
207616 573
207616 210
207744 206
207744 258
207744 264
207744 316
207744 250
207744 464
207744 538
207872 452
207872 577
207872 448
207872 450
208000 455
208000 227
208000 441
208128 251
208128 281
208128 540
208128 541
208256 417
208256 424
208256 425
208256 428
208256 489
208256 567
208256 568
208256 569
208256 490
208256 579
208384 282
208384 443
208512 393
208512 418
208512 437
208512 438
208512 408
208512 536
208640 416
208640 420
208640 532
208640 400
208640 412
208640 487
208640 531
208768 411
208768 385
208768 389
208768 529
208896 535
208896 387
208896 627
208896 386
208896 397
208896 533
209024 370
209024 524
209152 378
209152 480
209152 523
209152 314
209152 359
209152 357
209152 365
209280 520
209280 516
209280 310
209280 376
209280 555
209408 332
209408 623
209408 328
209408 512
209536 462
209536 517
209536 271
209536 457
209536 625
209536 624
209664 261
209664 306
209664 334
209664 498
209664 620
209664 216
209664 280
209664 460
209664 556
209664 263
209664 309
209664 503
209792 277
209792 286
209792 515
209792 560
209792 505
209792 513
209920 264
209920 501
209920 506
209920 621
209920 453
209920 493
209920 554
209920 270
209920 494
209920 504
210048 165
210048 247
210048 445
210048 448
210048 497
210048 499
210048 440
210048 507
210176 492
210176 444
210176 502
210176 432
210304 224
210304 429
210304 441
210304 619
210432 64
210432 481
210560 424
210560 488
210560 482
210560 484
210560 618
210688 475
210688 548
210688 478
210688 546
210816 406
210816 542
210944 287
210944 479
210944 470
210944 615
210944 463
211072 363
211072 609
211072 465
211072 474
211072 611
211200 325
211200 467
211200 472
211200 477
211200 473
211200 616
211328 459
211328 608
211328 460
211328 606
211328 610
211456 356
211456 360
211456 447
211456 321
211456 333
211456 461
211456 446
211584 323
211584 605
211584 451
211584 535
211712 315
211712 530
211712 436
211840 439
211840 604
211968 428
211968 434
212096 412
212096 440
212096 429
212096 433
212224 424
212224 600
212224 601
212224 602
212224 393
212224 395
212224 405
212224 417
212352 390
212352 416
212352 432
212352 337
212352 516
212352 599
212352 407
212352 520
212480 366
212480 398
212480 418
212480 596
212480 331
212480 394
212480 404
212480 592
212480 603
212480 408
212480 517
212608 406
212608 511
212608 591
212608 584
212608 403
212736 378
212736 387
212736 294
212736 296
212736 312
212736 365
212736 383
212736 368
212736 374
212864 385
212864 396
212864 303
212864 316
212864 346
212864 348
212864 386
212864 594
212864 359
212864 552
212864 587
212864 590
212992 341
212992 481
212992 593
212992 335
212992 354
212992 575
212992 322
212992 351
212992 480
213120 249
213120 595
213120 578
213120 329
213248 350
213248 466
213248 49
213248 324
213248 465
213248 585
213248 586
213248 588
213376 282
213376 464
213376 474
213376 283
213376 541
213376 545
213376 574
213376 291
213376 468
213376 546
213504 305
213504 455
213504 469
213504 471
213504 270
213504 284
213632 453
213632 457
213632 279
213632 570
213760 210
213760 456
213760 460
213760 580
213760 314
213760 325
213760 442
213760 572
213760 198
213888 311
213888 448
213888 450
213888 449
214016 446
214016 629
214016 289
214016 435
214016 437
214144 441
214144 576
214272 539
214272 571
214400 410
214400 409
214400 415
214528 430
214528 484
214528 380
214528 403
214528 406
214528 426
214528 419
214656 377
214656 632
214656 559
214656 562
214656 373
214656 385
214656 526
214784 399
214784 400
214784 527
214784 318
214912 529
214912 381
214912 394
214912 528
214912 626
214912 360
215040 358
215040 627
215040 235
215040 343
215040 363
215040 330
215040 356
215040 563
215168 622
215168 285
215168 513
215296 338
215296 512
215296 520
215296 244
215296 508
215296 623
215424 620
215424 462
215424 452
215552 507
215552 509
215552 500
215552 504
215552 619
215680 498
215680 503
215808 173
215808 200
215808 247
215808 495
215808 229
215808 234
215808 306
215808 211
215808 228
215808 260
215808 276
215936 496
215936 298
215936 492
215936 617
215936 239
216064 251
216064 120
216064 548
216064 616
216192 429
216192 489
216192 618
216320 614
216320 428
216320 482
216448 485
216576 546
216576 401
216576 416
216576 613
216704 418
216704 612
216704 610
216832 474
216832 611
216832 480
216960 537
216960 468
216960 470
216960 472
217088 359
217088 467
217088 339
217088 533
217216 466
217216 457
217216 456
217344 364
217344 445
217344 447
217344 462
217472 449
217472 450
217472 435
217472 460
217472 294
217600 531
217600 596
217728 433
217728 609
217728 441
217728 442
217728 439
217856 431
217856 425
217856 603
217856 604
217856 607
217984 426
217984 432
217984 434
217984 440
217984 528
217984 520
217984 524
217984 414
218112 409
218112 410
218112 438
218112 598
218112 415
218112 417
218240 411
218240 597
218240 521
218368 345
218368 391
218368 394
218368 398
218368 408
218368 416
218368 486
218368 601
218368 397
218368 400
218496 384
218496 514
218496 368
218496 407
218624 371
218624 390
218624 478
218624 323
218624 585
218624 595
218752 344
218752 374
218752 343
218752 477
218752 594
218752 308
218752 373
218880 295
218880 282
218880 363
218880 375
218880 483
218880 324
218880 578
218880 600
219008 317
219008 464
219008 463
219136 306
219136 325
219136 591
219136 300
219136 500
219136 261
219136 274
219264 268
219264 310
219264 314
219264 586
219264 304
219264 299
219392 461
219392 584
219392 453
219392 465
219648 454
219776 250
219776 436
219776 446
219776 568
219776 431
219776 577
219904 419
219904 430
219904 444
219904 632
219904 428
219904 449
219904 490
220032 576
220032 418
220160 533
220160 413
220160 527
220160 565
220288 412
220288 481
220288 627
220288 409
220288 410
220416 404
220416 570
220416 385
220416 406
220416 557
220544 395
220544 532
220544 567
220544 387
220544 379
220672 480
220672 523
220672 377
220672 372
220672 392
220672 524
220672 525
220800 364
220800 562
220800 367
220800 289
220800 622
220928 359
220928 521
220928 222
220928 319
220928 625
220928 301
220928 513
220928 518
221056 515
221056 508
221056 188
221184 275
221184 455
221312 503
221312 265
221312 456
221312 507
221440 267
221440 447
221440 502
221440 616
221440 495
221568 312
221568 460
221568 499
221568 500
221568 504
221568 620
221568 505
221696 271
221824 440
221952 488
221952 617
222080 541
222080 184
222080 491
222208 485
222208 549
222208 610
222208 615
222336 479
222336 471
222336 477
222336 618
222464 402
222464 472
222464 611
222720 474
222720 604
222720 609
222720 612
222848 529
222976 607
222976 603
223104 458
223104 528
223104 272
223104 314
223104 354
223104 530
223232 449
223232 459
223232 462
223232 450
223360 443
223360 600
223488 433
223488 436
223488 323
223488 605
223616 432
223616 437
223616 438
223616 329
223616 421
223744 417
223744 423
223744 424
223744 595
223744 288
223744 601
223872 406
223872 409
223872 412
223872 422
223872 518
223872 389
223872 416
223872 431
223872 598
224000 404
224000 597
224000 602
224000 333
224000 384
224000 415
224128 382
224128 419
224256 317
224256 508
224256 324
224256 385
224384 362
224384 589
224384 345
224384 364
224384 369
224384 383
224384 388
224384 348
224384 371
224384 582
224512 361
224512 585
224512 322
224512 363
224640 353
224640 477
224640 581
224640 592
224640 261
224768 299
224768 467
224768 588
224768 593
224896 312
224896 245
225024 463
225024 289
225024 577
225024 594
225024 457
225024 571
225024 590
225152 334
225152 573
225152 251
225152 580
225280 460
225280 455
225280 267
225280 570
225408 236
225408 435
225408 449
225408 447
225536 572
225536 442
225536 448
225536 434
225664 181
225664 578
225792 568
225920 408
225920 398
225920 430
225920 529
225920 562
226048 415
226048 316
226048 402
226048 624
226048 410
226048 527
226176 400
226176 401
226176 478
226304 419
226304 525
226304 526
226304 387
226432 377
226432 373
226432 551
226432 619
226432 376
226560 522
226560 567
226560 357
226560 518
226688 370
226688 617
226816 511
226816 614
226816 616
226816 350
226816 517
226816 622
226816 623
226944 311
226944 502
226944 327
226944 509
226944 514
226944 621
227072 286
227072 512
227072 615
227072 618
227072 301
227200 493
227200 505
227200 239
227200 246
227328 498
227328 243
227328 500
227328 494
227328 545
227456 495
227456 507
227456 501
227456 247
227584 171
227584 480
227712 428
227712 482
227712 484
227840 611
227840 613
227840 488
227968 479
228096 534
228096 356
228224 530
228224 606
228224 469
228224 471
228224 475
228352 478
228352 607
228480 366
228480 602
228608 470
228608 609
228736 456
228736 608
228736 444
228736 453
228864 458
228864 462
228864 450
228992 447
229120 435
229120 521
229120 596
229120 598
229120 600
229248 436
229248 438
229248 439
229376 426
229376 595
229376 410
229376 520
229504 420
229504 432
229504 522
229504 586
229504 417
229504 397
229504 591
229632 389
229632 599
229632 398
229632 419
229632 511
229760 394
229760 594
229760 361
229760 508
229888 364
229888 399
229888 408
229888 412
229888 378
229888 587
229888 504
230016 393
230016 360
230016 380
230144 474
230144 339
230144 384
230144 262
230144 372
230144 502
230272 385
230272 590
230272 467
230272 585
230400 290
230400 319
230400 346
230400 337
230400 342
230400 351
230400 358
230400 371
230528 347
230528 454
230528 353
230528 580
230656 578
230656 338
230784 575
230784 569
230784 459
230784 567
230912 589
230912 452
230912 273
230912 573
230912 576
231040 283
231040 437
231040 442
231040 565
231168 223
231168 225
231168 579
231296 194
231296 431
231424 558
231424 528
231552 483
231552 564
231552 571
231680 425
231680 473
231680 405
231680 413
231680 404
231680 406
231808 526
231808 395
231936 376
231936 393
231936 418
231936 525
232064 475
232064 621
232192 375
232192 620
232192 550
232192 335
232192 555
232320 373
232320 619
232320 559
232320 517
232448 372
232448 509
232448 514
232448 330
232576 507
232576 512
232576 328
232704 243
232704 549
232704 500
232704 501
232832 495
232832 544
232832 613
232960 494
232960 503
233088 547
233088 614
233216 538
233216 605
233216 615
233216 479
233216 610
233344 228
233344 481
233472 478
233600 606
233600 410
233600 607
233728 611
233728 604
233856 466
233856 394
233856 603
233984 388
234112 474
234112 384
234240 600
234240 455
234240 464
234368 458
234368 602
234496 598
234496 428
234496 435
234496 441
234496 443
234624 454
234624 597
234752 590
234752 521
234752 592
234880 420
234880 414
234880 593
234880 417
235008 415
235008 421
235136 386
235136 589
235136 413
235264 508
235264 599
235264 584
235392 577
235392 403
235392 498
235392 587
235520 317
235520 393
235520 367
235520 375
235520 378
235648 347
235648 376
235648 381
235648 383
235648 391
235648 368
235648 469
235648 271
235648 575
235648 585
235648 586
235776 350
235776 354
235776 362
235776 470
235776 574
235904 340
235904 360
235904 334
235904 472
236032 248
236032 272
236032 582
236160 579
236160 313
236288 578
236288 257
236288 451
236416 233
236416 581
236416 212
236416 201
236544 452
236672 564
236672 438
236672 441
236672 565
236800 280
236800 292
236800 422
236800 436
236800 529
236928 440
236928 442
236928 567
236928 522
237056 553
237056 573
237184 523
237184 249
237184 405
237184 557
237184 561
237312 520
237312 562
237312 560
237312 387
237440 396
237440 519
237440 552
237568 395
237696 358
237696 363
237696 385
237824 356
237824 509
237824 542
237952 614
237952 551
237952 265
237952 501
238080 332
238080 366
238208 286
238208 504
238208 496
238208 609
238336 502
238336 493
238464 608
238592 138
238592 424
238592 222
238592 535
238720 485
238848 115
238848 430
238848 606
238848 607
238848 532
238848 537
238976 474
238976 477
238976 530
239104 480
239104 604
239232 605
239232 471
239360 465
239488 375
239488 380
239616 462
239616 598
239616 466
239744 455
239744 460
239744 463
239744 524
239872 452
239872 333
239872 456
240000 451
240000 453
240000 601
240000 447
240000 517
240000 442
240000 594
240128 597
240128 512
240256 596
240384 321
240384 403
240384 437
240384 417
240384 426
240512 593
240512 503
240640 589
240640 383
240640 407
240768 364
240768 396
240768 583
240896 306
240896 322
240896 585
241024 337
241024 576
241024 588
241024 590
241024 500
241024 266
241152 348
241152 494
241152 498
241152 584
241152 579
241280 262
241280 323
241280 358
241280 469
241280 568
241280 324
241280 458
241408 318
241408 331
241408 261
241408 329
241536 454
241536 307
241536 351
241536 578
241536 580
241664 292
241664 278
241664 445
241664 451
241792 571
241792 218
241792 562
241920 448
241920 300
241920 434
242048 443
242048 570
242048 573
242048 569
242176 427
242176 431
242304 566
242304 419
242304 432
242304 613
242304 250
242304 423
242432 421
242432 520
242432 416
242560 228
242560 420
242560 402
242560 550
242688 382
242688 516
242688 556
242816 377
242816 515
242816 396
242816 514
242816 559
242944 366
242944 508
242944 608
243072 233
243072 371
243072 561
243072 668
243200 376
243200 545
243328 504
243328 342
243328 499
243328 502
243328 507
243328 614
243456 234
243456 286
243584 280
243584 497
243712 283
243712 230
243840 607
243840 481
243840 496
243840 605
243968 485
244096 489
244096 251
244096 474
244096 491
244224 531
244352 598
244352 471
244480 388
244480 529
244480 599
244608 527
244608 597
244992 460
244992 519
244992 596
244992 592
245248 588
245376 586
245376 593
245376 443
245504 440
245632 500
245632 509
245632 594
245632 424
245760 583
245760 589
245888 581
245888 420
245888 499
245888 582
246016 313
246016 425
246016 506
246016 578
246016 580
246016 584
246144 470
246272 496
246272 579
246400 359
246400 341
246400 363
246400 369
246400 355
246400 574
246528 489
246528 306
246528 569
246784 317
246912 278
246912 459
247040 282
247040 292
247040 571
247040 242
247040 570
247040 567
247168 257
247168 565
247168 573
247168 132
247168 564
247168 272
247296 566
247296 429
247296 563
247424 432
247552 518
247680 560
247680 410
247680 421
247808 517
247808 407
247808 553
247936 512
247936 548
247936 542
247936 611
248064 384
248192 504
248320 366
248320 307
248320 358
248320 505
248448 503
248704 607
248704 495
248832 347
248960 493
248960 537
248960 606
249088 200
249088 484
249088 486
249216 297
249216 478
249216 483
249216 604
249216 270
249216 472
249216 605
249344 473
249344 403
249472 476
249472 602
249600 463
249600 471
249600 221
249600 520
249728 468
249728 464
249728 387
249856 462
249984 522
249984 594
250112 593
250112 519
250112 592
250112 596
250240 590
250240 595
250240 445
250240 453
250368 442
250496 443
250624 591
250752 583
250752 587
250880 503
251008 417
251008 502
251008 501
251008 579
251136 577
251136 584
251264 494
251264 585
251392 588
251392 493
251520 364
251520 492
251520 576
251520 578
251648 325
251648 459
251648 457
251776 319
251904 455
251904 446
251904 569
252032 268
252032 562
252032 568
252032 565
252288 452
252288 188
252416 558
252544 515
252544 560
252672 557
252800 564
252800 553
252928 396
252928 414
252928 417
252928 413
252928 611
253056 512
253056 505
253056 509
253056 544
253056 551
253184 610
253184 510
253312 504
253440 537
253568 541
253568 600
253696 601
253696 602
253696 598
253824 495
254080 487
254080 230
254208 481
254336 465
254336 475
254336 526
254464 597
254464 464
254464 528
254592 594
254720 461
254720 471
254848 457
254848 519
254848 151
254848 463
254848 595
254976 513
255104 445
255104 449
255104 514
255232 506
255232 586
255360 512
255360 444
255360 587
255488 430
255488 590
255616 589
255744 588
255744 436
255872 579
255872 584
256000 582
256256 395
256256 484
256384 366
256512 491
256512 572
256512 343
256640 275
256640 339
256640 580
256640 315
256768 480
256768 574
256768 460
256768 473
256896 297
256896 435
256896 450
256896 565
257024 302
257024 612
257152 440
257152 448
257152 558
257152 283
257280 519
257280 564
257408 212
257408 426
257536 561
257664 427
257664 413
257664 416
257664 423
257664 436
257792 417
257792 424
257792 511
257920 411
257920 513
257920 512
258048 548
258176 500
258176 503
258176 540
258176 603
258304 496
258304 504
258304 549
258304 551
258304 605
258432 610
258432 495
258432 498
258560 368
258688 531
258816 266
258816 492
258816 493
258944 478
258944 477
258944 524
258944 598
259072 475
259072 468
259072 472
259200 470
259328 465
259328 473
259328 594
259584 593
259584 591
259712 585
259968 450
259968 586
260352 437
260352 446
260480 415
260608 501
260608 582
260736 432
260864 380
260864 503
260992 581
260992 584
260992 497
261120 482
261120 493
261120 575
261120 343
261248 371
261376 325
261504 308
261504 481
261504 486
261632 571
261760 451
261760 260
261888 556
261888 440
261888 560
261888 566
261888 436
262016 553
262016 434
262144 565
262144 244
262400 146
262400 562
262400 158
262400 557
262400 410
262400 420
262656 515
262656 22
262656 403
262656 507
262656 552
262656 257
262912 550
262912 508
262912 401
262912 545
263168 384
263168 599
263168 499
263168 303
263168 390
263168 492
263168 281
263168 314
263424 494
263424 503
263424 600
263424 493
263680 595
263680 484
263680 596
263936 486
263936 469
263936 479
264192 468
264192 590
264192 594
264448 392
264448 457
264448 459
264448 593
264448 462
264448 589
264704 512
264704 455
264704 514
264704 587
264960 447
264960 449
264960 443
264960 510
265216 588
265216 438
265216 423
265216 507
265216 501
265472 580
265472 287
265472 422
265472 403
265472 569
265728 382
265728 489
265728 575
265728 578
265984 574
265984 371
265984 573
265984 492
266240 273
266240 356
266240 323
266240 334
266240 317
266496 561
266496 566
266496 284
266496 294
266496 297
266496 290
266496 563
266496 315
266496 253
266496 558
266752 559
266752 238
266752 433
266752 440
267008 427
267008 186
267008 307
267008 415
267008 552
267264 416
267264 404
267520 402
267520 413
267520 542
267520 506
267776 372
267776 389
267776 507
267776 366
267776 599
267776 597
268032 376
268032 499
268288 594
268288 593
268288 332
268288 595
268288 532
268288 533
268288 592
268544 481
268544 490
268544 475
268544 470
268544 471
268544 469
268544 480
268544 519
268544 591
268800 520
268800 235
268800 459
269056 460
269056 463
269056 465
269312 512
269312 515
269312 590
269312 457
269312 445
269312 589
269568 442
269568 583
269568 508
269568 581
269568 588
269568 444
269824 501
269824 579
270080 428
270080 432
270080 498
270080 424
270080 576
270336 405
270336 577
270336 314
270336 495
270336 315
270592 570
270592 489
270592 352
270592 490
270592 573
270592 479
270592 488
270848 363
270848 487
270848 563
270848 370
270848 572
270848 339
270848 567
270848 474
271104 316
271360 467
271360 556
271360 423
271360 434
271360 469
271616 262
271616 544
271616 561
271616 433
271616 543
271616 512
271616 545
271872 555
271872 412
271872 422
271872 552
271872 410
271872 551
271872 600
271872 429
272128 24
272128 10
272128 509
272128 505
272128 502
272384 386
272640 497
272640 380
272896 493
272896 494
273152 478
273152 248
273408 516
273408 304
273408 474
273408 236
273408 470
273408 472
273408 476
273408 588
273408 584
273664 456
273664 461
273664 585
273664 465
273664 454
273920 457
273920 459
273920 455
273920 443
273920 446
274176 583
274176 439
274432 436
274432 432
274432 442
274432 581
274432 582
274432 433
274688 576
274688 426
274688 501
274688 498
274688 500
274688 379
274688 405
274944 574
274944 575
274944 323
274944 404
274944 372
274944 385
275200 484
275200 568
275200 571
275200 481
275200 309
275456 285
275456 318
275456 563
275456 572
275456 287
275456 316
275456 475
275456 569
275456 276
275456 289
275712 567
275712 301
275712 558
275712 306
275712 560
275968 283
275968 313
275968 449
275968 565
275968 603
276224 445
276224 422
276224 429
276224 431
276224 421
276224 423
276480 143
276480 218
276480 408
276480 599
276736 401
276736 402
276736 412
276736 536
276736 394
276736 399
276992 541
276992 542
276992 404
276992 364
276992 386
276992 497
276992 405
276992 387
276992 498
277248 496
277248 493
277248 237
277248 359
277248 391
277248 379
277504 594
277504 486
277504 530
277504 591
277504 259
277760 487
277760 261
277760 472
277760 517
277760 587
278016 458
278016 460
278016 465
278016 466
278272 586
278272 507
278272 584
278272 452
278272 577
278528 447
278528 454
278528 510
278528 450
278528 583
278528 446
278528 444
278528 581
278784 87
278784 429
279040 420
279040 504
279040 579
279040 425
279296 427
279296 415
279296 433
279296 397
279296 573
279296 375
279552 318
279552 368
279552 384
279552 574
279552 571
279552 576
279552 572
279552 351
279552 390
279808 388
279808 304
279808 288
279808 567
279808 348
279808 483
280064 476
280064 560
280064 469
280064 604
280320 561
280320 320
280576 461
280576 149
280832 421
280832 423
280832 555
280832 214
280832 444
280832 542
280832 553
280832 414
280832 543
280832 598
281088 413
281088 511
281088 599
281088 404
281088 402
281344 410
281600 394
281600 496
281600 501
281600 532
281600 533
281856 491
281856 594
281856 362
281856 487
281856 587
282112 484
282112 588
282368 467
282368 585
282624 454
282624 466
282624 459
282624 463
282624 584
282880 451
282880 460
282880 445
282880 450
283136 580
283136 581
283136 578
283136 506
283392 575
283392 500
283648 431
283648 574
283648 405
283648 570
283648 319
283904 380
283904 490
283904 498
283904 412
283904 363
283904 572
283904 398
284160 360
284160 494
284160 564
284160 292
284160 301
284416 280
284416 316
284416 370
284416 567
284416 321
284416 314
284416 559
284416 478
284416 284
284672 308
284672 296
284672 297
284672 566
284672 278
284672 469
284672 279
284672 232
284672 274
284672 291
284928 553
284928 516
284928 253
284928 267
285184 285
285184 552
285184 447
285184 458
285184 547
285184 549
285184 459
285184 600
285440 288
285440 429
285440 208
285440 423
285440 448
285440 50
285440 407
285440 417
285440 414
285696 212
285696 402
285696 498
285952 532
285952 499
285952 596
286208 536
286208 350
286208 594
286464 348
286464 374
286464 495
286720 584
286720 204
286720 331
286720 465
286720 585
286720 590
286976 583
286976 587
286976 472
286976 456
286976 453
286976 510
287232 513
287232 454
287488 458
287488 576
287488 441
287488 292
287488 450
287488 574
287488 447
287488 438
287744 506
287744 572
287744 444
287744 504
288000 311
288000 410
288000 570
288000 575
288000 577
288000 568
288000 416
288256 498
288256 500
288256 501
288256 391
288256 494
288256 421
288256 571
288512 296
288512 383
288512 489
288512 360
288512 364
288512 382
288512 564
288512 567
288512 376
288512 560
288768 365
288768 563
288768 335
288768 256
288768 474
289024 288
289024 295
289024 558
289024 313
289024 286
289024 555
289024 602
289024 265
289280 284
289280 468
289280 269
289280 283
289280 247
289280 475
289280 255
289280 257
289536 267
289536 510
289536 98
289536 537
289536 600
289792 508
289792 543
289792 221
289792 261
289792 85
289792 223
290048 177
290048 229
290048 500
290304 530
290304 531
290304 497
290560 370
290816 482
290816 489
290816 580
290816 583
291072 479
291072 470
291072 473
291328 272
291328 334
291328 472
291328 292
291584 456
291584 515
291584 453
291584 575
291840 578
291840 452
291840 454
291840 572
291840 457
291840 450
292096 442
292096 569
292096 576
292096 571
292096 435
292096 425
292096 501
292352 432
292352 301
292352 402
292352 431
292352 494
292608 15
292608 563
292608 564
292608 415
292608 299
292608 400
292608 493
292608 570
292608 607
292864 404
292864 561
292864 296
292864 358
292864 361
292864 562
293120 307
293120 606
293120 351
293120 353
293120 553
293120 350
293376 268
293376 554
293376 559
293376 280
293376 557
293376 284
293632 230
293632 544
293632 552
293632 281
293632 277
293632 316
293632 317
293632 285
293632 470
293888 194
293888 600
293888 532
293888 551
293888 255
293888 262
293888 437
293888 449
293888 462
293888 257
293888 259
294144 236
294144 453
294144 212
294144 248
294144 232
294144 246
294144 189
294400 416
294400 408
294400 527
294400 504
294656 391
294656 496
294656 497
294656 529
294912 388
294912 491
294912 406
294912 594
294912 261
294912 494
295168 234
295168 490
295168 484
295168 588
295424 583
295424 233
295680 244
295680 466
295936 275
295936 456
295936 446
295936 455
295936 574
296192 340
296192 452
296192 460
296448 568
296448 563
296704 572
296704 427
296704 407
296704 558
296704 562
296960 424
297216 394
297216 295
297216 292
297216 367
297216 550
297216 609
297472 285
297472 305
297472 556
297472 555
297472 296
297472 548
297728 319
297728 344
297728 265
297728 549
297728 297
297984 271
297984 278
297984 535
297984 544
297984 226
297984 246
297984 603
298240 250
298240 536
298240 156
298240 237
298240 185
298496 459
298496 531
298496 526
298496 245
298752 190
298752 223
299008 421
299008 211
299008 214
299008 396
299264 201
299264 588
299520 483
299776 474
299776 481
300288 577
300288 475
300288 578
300288 573
300288 458
300544 450
300800 558
300800 432
300800 438
300800 423
301312 621
301312 548
301312 563
301312 406
301312 407
301568 555
301568 363
301568 615
301824 544
301824 662
302336 539
302336 538
302592 532
302848 601
303360 596
303360 608
303872 640
303872 590
303872 477
304384 462
304640 645
305152 175
305920 71
306688 529
308992 581
309248 436
310272 23
336640 158
337408 10
344064 166
348928 22
349440 678
352256 53
358400 38
360448 191
360960 126
361472 69
368384 173
370432 138
372224 98
374016 30
375296 39
376064 361
378368 591
383744 642
390912 36
392960 446
394240 99
396544 1
396800 161
401408 20
407296 655
410624 666
415488 544
419072 270
419328 684
419328 622
420608 198
424192 2
428032 570
433664 11
434688 620
435200 105
436992 227
437248 132
437248 89
438272 431
438528 6
439040 552
439040 662
439040 157
441600 116
442624 632
443648 135
443904 146
444672 136
448000 4
448256 127
448768 115
450048 87
450304 514
450816 598
451584 131
452352 273
452352 513
452352 643
453120 151
455168 265
455424 127
455424 145
456704 81
456704 98
457472 75
460288 145
462080 131
463872 511
463872 277
464384 117
464640 125
466432 137
470272 317
470528 357
473856 147
476416 25
476672 321
477696 679
480256 124
483072 18
483328 135
483328 680
485376 196
491520 76
492800 605
493056 178
493824 102
495360 154
496128 139
497408 670
498432 141
499712 610
505088 86
508672 441
508672 2
510464 22
510464 156
512000 276
512768 132
514560 61
516608 627
518400 533
526336 166
526336 182
527872 652
528384 676
529408 286
536064 672
539648 643
543232 451
544256 385
546304 87
550912 252
552448 133
553472 132
553472 134
553472 128
553472 358
553984 138
555520 164
556544 645
560640 378
561152 332
562176 476
567296 152
567808 132
568832 694
569344 106
569344 259
572928 382
573440 232
573952 267
577536 301
579072 206
582144 200
585216 569
586240 107
586240 315
587776 483
588800 506
588800 660
589824 508
590336 464
591872 375
592896 630
593920 12
595456 673
595456 568
598016 88
605696 149
614912 203
616960 381
617984 90
619008 389
621568 490
623616 16
625664 26
625664 620
626688 365
630272 348
630272 189
634880 333
634880 542
637952 382
638464 71
641024 24
645632 493
646144 21
646656 646
647168 344
648704 664
655872 367
655872 434
656384 165
658944 7
662016 320
665088 166
665600 480
666624 74
673792 249
675328 489
679936 429
680448 393
681984 361
684032 544
689152 566
694272 203
695296 67
696320 134
696832 659
697344 329
700928 70
702464 128
702976 516
705536 109
707072 628
707584 174
710656 538
712704 49
713216 520
715264 109
720896 104
722432 371
723968 511
725504 500
729600 511
731136 613
736768 94
737792 570
740352 215
740352 1
741888 33
743424 601
746496 347
747008 51
750592 496
754176 693
757248 498
757248 686
757248 60
760320 551
760832 204
761344 120
762880 691
765440 370
766976 217
766976 237
768000 350
769536 201
770560 323
773120 626
773120 86
774144 533
774144 207
779264 87
779264 52
779264 57
781824 88
782848 421
783872 286
783872 292
